Freq.,Vn002/IV1
1.00000000000000e+002,-4.47410122934890e+001,-1.05984552594220e+002
1.01157945425990e+002,-4.46492323655750e+001,-1.05793974005119e+002
1.02329299228075e+002,-4.45572793997195e+001,-1.05605028861459e+002
1.03514216667934e+002,-4.44651566820421e+001,-1.05417706257746e+002
1.04712854805090e+002,-4.43728674482176e+001,-1.05231995099237e+002
1.05925372517729e+002,-4.42804148836872e+001,-1.05047884110494e+002
1.07151930523761e+002,-4.41878021238943e+001,-1.04865361843747e+002
1.08392691402120e+002,-4.40950322545443e+001,-1.04684416687060e+002
1.09647819614319e+002,-4.40021083118874e+001,-1.04505036872307e+002
1.10917481526240e+002,-4.39090332830215e+001,-1.04327210482954e+002
1.12201845430196e+002,-4.38158101062157e+001,-1.04150925461650e+002
1.13501081567232e+002,-4.37224416712525e+001,-1.03976169617624e+002
1.14815362149688e+002,-4.36289308197874e+001,-1.03802930633888e+002
1.16144861384034e+002,-4.35352803457252e+001,-1.03631196074259e+002
1.17489755493953e+002,-4.34414929956118e+001,-1.03460953390183e+002
1.18850222743702e+002,-4.33475714690401e+001,-1.03292189927378e+002
1.20226443461741e+002,-4.32535184190698e+001,-1.03124892932287e+002
1.21618600064637e+002,-4.31593364526586e+001,-1.02959049558351e+002
1.23026877081238e+002,-4.30650281311060e+001,-1.02794646872095e+002
1.24451461177139e+002,-4.29705959705072e+001,-1.02631671859042e+002
1.25892541179417e+002,-4.28760424422161e+001,-1.02470111429441e+002
1.27350308101666e+002,-4.27813699733178e+001,-1.02309952423824e+002
1.28824955169314e+002,-4.26865809471087e+001,-1.02151181618387e+002
1.30316677845230e+002,-4.25916777035840e+001,-1.01993785730205e+002
1.31825673855641e+002,-4.24966625399317e+001,-1.01837751422273e+002
1.33352143216333e+002,-4.24015377110315e+001,-1.01683065308387e+002
1.34896288259166e+002,-4.23063054299597e+001,-1.01529713957856e+002
1.36458313658893e+002,-4.22109678684980e+001,-1.01377683900058e+002
1.38038426460289e+002,-4.21155271576457e+001,-1.01226961628839e+002
1.39636836105594e+002,-4.20199853881354e+001,-1.01077533606753e+002
1.41253754462276e+002,-4.19243446109508e+001,-1.00929386269154e+002
1.42889395851111e+002,-4.18286068378466e+001,-1.00782506028139e+002
1.44543977074593e+002,-4.17327740418697e+001,-1.00636879276340e+002
1.46217717445672e+002,-4.16368481578812e+001,-1.00492492390579e+002
1.47910838816821e+002,-4.15408310830787e+001,-1.00349331735382e+002
1.49623565609444e+002,-4.14447246775185e+001,-1.00207383666348e+002
1.51356124843621e+002,-4.13485307646375e+001,-1.00066634533394e+002
1.53108746168203e+002,-4.12522511317736e+001,-9.99270706838591e+001
1.54881661891249e+002,-4.11558875306851e+001,-9.97886784654893e+001
1.56675107010815e+002,-4.10594416780683e+001,-9.96514442292873e+001
1.58489319246112e+002,-4.09629152560726e+001,-9.95153543322448e+001
1.60324539069005e+002,-4.08663099128138e+001,-9.93803951399539e+001
1.62181009735893e+002,-4.07696272628839e+001,-9.92465530291004e+001
1.64058977319954e+002,-4.06728688878582e+001,-9.91138143898431e+001
1.65958690743757e+002,-4.05760363367988e+001,-9.89821656280817e+001
1.67880401812257e+002,-4.04791311267550e+001,-9.88515931676155e+001
1.69824365246175e+002,-4.03821547432588e+001,-9.87220834521965e+001
1.71790838715759e+002,-4.02851086408171e+001,-9.85936229474782e+001
1.73780082874938e+002,-4.01879942433992e+001,-9.84661981428650e+001
1.75792361395870e+002,-4.00908129449199e+001,-9.83397955532621e+001
1.77827941003893e+002,-3.99935661097175e+001,-9.82144017207307e+001
1.79887091512879e+002,-3.98962550730270e+001,-9.80900032160504e+001
1.81970085860999e+002,-3.97988811414486e+001,-9.79665866401901e+001
1.84077200146896e+002,-3.97014455934101e+001,-9.78441386256924e+001
1.86208713666287e+002,-3.96039496796247e+001,-9.77226458379713e+001
1.88364908948981e+002,-3.95063946235426e+001,-9.76020949765272e+001
1.90546071796325e+002,-3.94087816217975e+001,-9.74824727760811e+001
1.92752491319094e+002,-3.93111118446467e+001,-9.73637660076303e+001
1.94984459975805e+002,-3.92133864364060e+001,-9.72459614794281e+001
1.97242273611486e+002,-3.91156065158780e+001,-9.71290460378885e+001
1.99526231496889e+002,-3.90177731767745e+001,-9.70130065684206e+001
2.01836636368157e+002,-3.89198874881335e+001,-9.68978299961919e+001
2.04173794466954e+002,-3.88219504947285e+001,-9.67835032868247e+001
2.06538015581054e+002,-3.87239632174729e+001,-9.66700134470265e+001
2.08929613085405e+002,-3.86259266538175e+001,-9.65573475251575e+001
2.11348903983666e+002,-3.85278417781417e+001,-9.64454926117353e+001
2.13796208950224e+002,-3.84297095421383e+001,-9.63344358398808e+001
2.16271852372703e+002,-3.83315308751917e+001,-9.62241643857057e+001
2.18776162394956e+002,-3.82333066847502e+001,-9.61146654686440e+001
2.21309470960565e+002,-3.81350378566909e+001,-9.60059263517297e+001
2.23872113856835e+002,-3.80367252556791e+001,-9.58979343418206e+001
2.26464430759307e+002,-3.79383697255205e+001,-9.57906767897729e+001
2.29086765276778e+002,-3.78399720895071e+001,-9.56841410905652e+001
2.31739464996849e+002,-3.77415331507564e+001,-9.55783146833752e+001
2.34422881531993e+002,-3.76430536925444e+001,-9.54731850516110e+001
2.37137370566167e+002,-3.75445344786322e+001,-9.53687397228966e+001
2.39883291901950e+002,-3.74459762535852e+001,-9.52649662690155e+001
2.42661009508243e+002,-3.73473797430868e+001,-9.51618523058117e+001
2.45470891568504e+002,-3.72487456542451e+001,-9.50593854930513e+001
2.48313310529558e+002,-3.71500746758932e+001,-9.49575535342443e+001
2.51188643150959e+002,-3.70513674788834e+001,-9.48563441764299e+001
2.54097270554932e+002,-3.69526247163741e+001,-9.47557452099245e+001
2.57039578276888e+002,-3.68538470241115e+001,-9.46557444680354e+001
2.60015956316529e+002,-3.67550350207035e+001,-9.45563298267408e+001
2.63026799189540e+002,-3.66561893078891e+001,-9.44574892043365e+001
2.66072505979882e+002,-3.65573104707991e+001,-9.43592105610517e+001
2.69153480392693e+002,-3.64583990782130e+001,-9.42614818986349e+001
2.72270130807793e+002,-3.63594556828075e+001,-9.41642912599093e+001
2.75422870333818e+002,-3.62604808214004e+001,-9.40676267283013e+001
2.78612116862979e+002,-3.61614750151871e+001,-9.39714764273415e+001
2.81838293126447e+002,-3.60624387699718e+001,-9.38758285201392e+001
2.85101826750393e+002,-3.59633725763920e+001,-9.37806712088317e+001
2.88403150312662e+002,-3.58642769101371e+001,-9.36859927340106e+001
2.91742701400119e+002,-3.57651522321612e+001,-9.35917813741228e+001
2.95120922666640e+002,-3.56659989888892e+001,-9.34980254448509e+001
2.98538261891798e+002,-3.55668176124179e+001,-9.34047132984707e+001
3.01995172040204e+002,-3.54676085207100e+001,-9.33118333231890e+001
3.05492111321553e+002,-3.53683721177832e+001,-9.32193739424606e+001
3.09029543251361e+002,-3.52691087938929e+001,-9.31273236142870e+001
3.12607936712398e+002,-3.51698189257090e+001,-9.30356708304957e+001
3.16227766016840e+002,-3.50705028764872e+001,-9.29444041160033e+001
3.19889510969142e+002,-3.49711609962342e+001,-9.28535120280598e+001
3.23593656929630e+002,-3.48717936218674e+001,-9.27629831554788e+001
3.27340694878840e+002,-3.47724010773690e+001,-9.26728061178502e+001
3.31131121482593e+002,-3.46729836739338e+001,-9.25829695647395e+001
3.34965439157830e+002,-3.45735417101120e+001,-9.24934621748718e+001
3.38844156139205e+002,-3.44740754719465e+001,-9.24042726553030e+001
3.42767786546453e+002,-3.43745852331036e+001,-9.23153897405775e+001
3.46736850452534e+002,-3.42750712549996e+001,-9.22268021918732e+001
3.50751873952571e+002,-3.41755337869203e+001,-9.21384987961355e+001
3.54813389233578e+002,-3.40759730661367e+001,-9.20504683651992e+001
3.58921934645008e+002,-3.39763893180134e+001,-9.19626997348996e+001
3.63078054770104e+002,-3.38767827561134e+001,-9.18751817641740e+001
3.67282300498088e+002,-3.37771535822960e+001,-9.17879033341529e+001
3.71535229097175e+002,-3.36775019868099e+001,-9.17008533472421e+001
3.75837404288447e+002,-3.35778281483811e+001,-9.16140207261958e+001
3.80189396320564e+002,-3.34781322342953e+001,-9.15273944131816e+001
3.84591782045357e+002,-3.33784144004745e+001,-9.14409633688380e+001
3.89045144994284e+002,-3.32786747915492e+001,-9.13547165713236e+001
3.93550075455781e+002,-3.31789135409242e+001,-9.12686430153600e+001
3.98107170553501e+002,-3.30791307708402e+001,-9.11827317112683e+001
4.02717034325463e+002,-3.29793265924292e+001,-9.10969716839988e+001
4.07380277804116e+002,-3.28795011057654e+001,-9.10113519721552e+001
4.12097519097334e+002,-3.27796543999102e+001,-9.09258616270142e+001
4.16869383470339e+002,-3.26797865529521e+001,-9.08404897115391e+001
4.21696503428586e+002,-3.25798976320419e+001,-9.07552252993897e+001
4.26579518801596e+002,-3.24799876934219e+001,-9.06700574739271e+001
4.31519076827769e+002,-3.23800567824505e+001,-9.05849753272163e+001
4.36515832240170e+002,-3.22801049336209e+001,-9.04999679590233e+001
4.41570447353317e+002,-3.21801321705752e+001,-9.04150244758110e+001
4.46683592150967e+002,-3.20801385061131e+001,-9.03301339897313e+001
4.51855944374927e+002,-3.19801239421949e+001,-9.02452856176154e+001
4.57088189614879e+002,-3.18800884699401e+001,-9.01604684799615e+001
4.62381021399265e+002,-3.17800320696198e+001,-9.00756716999217e+001
4.67735141287203e+002,-3.16799547106447e+001,-8.99908844022869e+001
4.73151258961485e+002,-3.15798563515474e+001,-8.99060957124710e+001
4.78630092322643e+002,-3.14797369399593e+001,-8.98212947554946e+001
4.84172367584104e+002,-3.13795964125824e+001,-8.97364706549684e+001
4.89778819368451e+002,-3.12794346951560e+001,-8.96516125320762e+001
4.95450190804795e+002,-3.11792517024174e+001,-8.95667095045592e+001
5.01187233627277e+002,-3.10790473380583e+001,-8.94817506857003e+001
5.06990708274709e+002,-3.09788214946748e+001,-8.93967251833099e+001
5.12861383991370e+002,-3.08785740537123e+001,-8.93116220987130e+001
5.18800038928966e+002,-3.07783048854055e+001,-8.92264305257380e+001
5.24807460249778e+002,-3.06780138487125e+001,-8.91411395497083e+001
5.30884444230994e+002,-3.05777007912432e+001,-8.90557382464353e+001
5.37031796370258e+002,-3.04773655491827e+001,-8.89702156812151e+001
5.43250331492439e+002,-3.03770079472090e+001,-8.88845609078285e+001
5.49540873857630e+002,-3.02766277984049e+001,-8.87987629675439e+001
5.55904257270409e+002,-3.01762249041647e+001,-8.87128108881251e+001
5.62341325190355e+002,-3.00757990540948e+001,-8.86266936828424e+001
5.68852930843847e+002,-2.99753500259088e+001,-8.85404003494895e+001
5.75439937337163e+002,-2.98748775853172e+001,-8.84539198694049e+001
5.82103217770878e+002,-2.97743814859109e+001,-8.83672412064987e+001
5.88843655355595e+002,-2.96738614690387e+001,-8.82803533062865e+001
5.95662143529017e+002,-2.95733172636799e+001,-8.81932450949280e+001
6.02559586074364e+002,-2.94727485863096e+001,-8.81059054782736e+001
6.09536897240176e+002,-2.93721551407592e+001,-8.80183233409181e+001
6.16595001861489e+002,-2.92715366180705e+001,-8.79304875452618e+001
6.23734835482426e+002,-2.91708926963434e+001,-8.78423869305796e+001
6.30957344480200e+002,-2.90702230405776e+001,-8.77540103120996e+001
6.38263486190556e+002,-2.89695273025089e+001,-8.76653464800898e+001
6.45654229034663e+002,-2.88688051204379e+001,-8.75763841989551e+001
6.53130552647480e+002,-2.87680561190533e+001,-8.74871122063439e+001
6.60693448007603e+002,-2.86672799092487e+001,-8.73975192122663e+001
6.68343917568622e+002,-2.85664760879326e+001,-8.73075938982224e+001
6.76082975391990e+002,-2.84656442378324e+001,-8.72173249163428e+001
6.83911647281437e+002,-2.83647839272915e+001,-8.71267008885420e+001
6.91830970918945e+002,-2.82638947100594e+001,-8.70357104056838e+001
6.99841996002282e+002,-2.81629761250761e+001,-8.69443420267610e+001
7.07945784384146e+002,-2.80620276962484e+001,-8.68525842780886e+001
7.16143410212910e+002,-2.79610489322206e+001,-8.67604256525126e+001
7.24435960074999e+002,-2.78600393261371e+001,-8.66678546086335e+001
7.32824533138913e+002,-2.77589983553990e+001,-8.65748595700468e+001
7.41310241300926e+002,-2.76579254814125e+001,-8.64814289245993e+001
7.49894209332465e+002,-2.75568201493312e+001,-8.63875510236644e+001
7.58577575029193e+002,-2.74556817877903e+001,-8.62932141814343e+001
7.67361489361828e+002,-2.73545098086340e+001,-8.61984066742327e+001
7.76247116628701e+002,-2.72533036066349e+001,-8.61031167398462e+001
7.85235634610081e+002,-2.71520625592063e+001,-8.60073325768776e+001
7.94328234724291e+002,-2.70507860261068e+001,-8.59110423441199e+001
8.03526122185627e+002,-2.69494733491370e+001,-8.58142341599536e+001
8.12830516164109e+002,-2.68481238518286e+001,-8.57168961017665e+001
8.22242649947081e+002,-2.67467368391254e+001,-8.56190162053988e+001
8.31763771102681e+002,-2.66453115970564e+001,-8.55205824646128e+001
8.41395141645206e+002,-2.65438473924013e+001,-8.54215828305892e+001
8.51138038202387e+002,-2.64423434723466e+001,-8.53220052114504e+001
8.60993752184611e+002,-2.63407990641349e+001,-8.52218374718131e+001
8.70963589956092e+002,-2.62392133747047e+001,-8.51210674323687e+001
8.81048873008025e+002,-2.61375855903225e+001,-8.50196828694961e+001
8.91250938133757e+002,-2.60359148762057e+001,-8.49176715149047e+001
9.01571137605968e+002,-2.59342003761373e+001,-8.48150210553114e+001
9.12010839355922e+002,-2.58324412120720e+001,-8.47117191321511e+001
9.22571427154775e+002,-2.57306364837327e+001,-8.46077533413228e+001
9.33254300797003e+002,-2.56287852681990e+001,-8.45031112329724e+001
9.44060876285936e+002,-2.55268866194857e+001,-8.43977803113137e+001
9.54992586021449e+002,-2.54249395681133e+001,-8.42917480344880e+001
9.66050878989826e+002,-2.53229431206682e+001,-8.41850018144657e+001
9.77237220955824e+002,-2.52208962593541e+001,-8.40775290169892e+001
9.88553094656952e+002,-2.51187979415344e+001,-8.39693169615601e+001
1.00000000000001e+003,-2.50166470992638e+001,-8.38603529214713e+001
1.01157945425991e+003,-2.49144426388118e+001,-8.37506241238863e+001
1.02329299228077e+003,-2.48121834401758e+001,-8.36401177499667e+001
1.03514216667936e+003,-2.47098683565841e+001,-8.35288209350500e+001
1.04712854805091e+003,-2.46074962139900e+001,-8.34167207688793e+001
1.05925372517730e+003,-2.45050658105548e+001,-8.33038042958868e+001
1.07151930523762e+003,-2.44025759161220e+001,-8.31900585155319e+001
1.08392691402122e+003,-2.43000252716802e+001,-8.30754703826977e+001
1.09647819614320e+003,-2.41974125888169e+001,-8.29600268081463e+001
1.10917481526242e+003,-2.40947365491614e+001,-8.28437146590342e+001
1.12201845430198e+003,-2.39919958038175e+001,-8.27265207594928e+001
1.13501081567233e+003,-2.38891889727858e+001,-8.26084318912722e+001
1.14815362149690e+003,-2.37863146443760e+001,-8.24894347944533e+001
1.16144861384036e+003,-2.36833713746079e+001,-8.23695161682293e+001
1.17489755493955e+003,-2.35803576866025e+001,-8.22486626717578e+001
1.18850222743704e+003,-2.34772720699625e+001,-8.21268609250886e+001
1.20226443461743e+003,-2.33741129801412e+001,-8.20040975101655e+001
1.21618600064639e+003,-2.32708788378023e+001,-8.18803589719084e+001
1.23026877081240e+003,-2.31675680281677e+001,-8.17556318193753e+001
1.24451461177140e+003,-2.30641789003547e+001,-8.16299025270081e+001
1.25892541179419e+003,-2.29607097667032e+001,-8.15031575359641e+001
1.27350308101668e+003,-2.28571589020915e+001,-8.13753832555358e+001
1.28824955169315e+003,-2.27535245432411e+001,-8.12465660646622e+001
1.30316677845232e+003,-2.26498048880113e+001,-8.11166923135337e+001
1.31825673855643e+003,-2.25459980946827e+001,-8.09857483252927e+001
1.33352143216334e+003,-2.24421022812301e+001,-8.08537203978347e+001
1.34896288259167e+003,-2.23381155245841e+001,-8.07205948057101e+001
1.36458313658895e+003,-2.22340358598830e+001,-8.05863578021318e+001
1.38038426460291e+003,-2.21298612797131e+001,-8.04509956210903e+001
1.39636836105596e+003,-2.20255897333388e+001,-8.03144944795793e+001
1.41253754462278e+003,-2.19212191259223e+001,-8.01768405799354e+001
1.42889395851113e+003,-2.18167473177322e+001,-8.00380201122943e+001
1.44543977074595e+003,-2.17121721233427e+001,-7.98980192571675e+001
1.46217717445674e+003,-2.16074913108215e+001,-7.97568241881411e+001
1.47910838816823e+003,-2.15027026009084e+001,-7.96144210747018e+001
1.49623565609446e+003,-2.13978036661829e+001,-7.94707960851914e+001
1.51356124843623e+003,-2.12927921302229e+001,-7.93259353898948e+001
1.53108746168206e+003,-2.11876655667529e+001,-7.91798251642638e+001
1.54881661891251e+003,-2.10824214987829e+001,-7.90324515922794e+001
1.56675107010817e+003,-2.09770573977377e+001,-7.88838008699580e+001
1.58489319246114e+003,-2.08715706825771e+001,-7.87338592090025e+001
1.60324539069007e+003,-2.07659587189072e+001,-7.85826128406035e+001
1.62181009735896e+003,-2.06602188180826e+001,-7.84300480193930e+001
1.64058977319957e+003,-2.05543482363002e+001,-7.82761510275543e+001
1.65958690743759e+003,-2.04483441736846e+001,-7.81209081790918e+001
1.67880401812259e+003,-2.03422037733657e+001,-7.79643058242637e+001
1.69824365246177e+003,-2.02359241205484e+001,-7.78063303541813e+001
1.71790838715762e+003,-2.01295022415747e+001,-7.76469682055782e+001
1.73780082874941e+003,-2.00229351029793e+001,-7.74862058657532e+001
1.75792361395872e+003,-1.99162196105375e+001,-7.73240298776899e+001
1.77827941003895e+003,-1.98093526083078e+001,-7.71604268453563e+001
1.79887091512882e+003,-1.97023308776676e+001,-7.69953834391881e+001
1.81970085861001e+003,-1.95951511363440e+001,-7.68288864017597e+001
1.84077200146899e+003,-1.94878100374388e+001,-7.66609225536438e+001
1.86208713666290e+003,-1.93803041684495e+001,-7.64914787994666e+001
1.88364908948983e+003,-1.92726300502852e+001,-7.63205421341576e+001
1.90546071796328e+003,-1.91647841362797e+001,-7.61480996494009e+001
1.92752491319097e+003,-1.90567628112005e+001,-7.59741385402885e+001
1.94984459975808e+003,-1.89485623902555e+001,-7.57986461121798e+001
1.97242273611489e+003,-1.88401791180974e+001,-7.56216097877694e+001
1.99526231496892e+003,-1.87316091678267e+001,-7.54430171143678e+001
2.01836636368160e+003,-1.86228486399932e+001,-7.52628557713944e+001
2.04173794466957e+003,-1.85138935615974e+001,-7.50811135780894e+001
2.06538015581057e+003,-1.84047398850923e+001,-7.48977785014436e+001
2.08929613085408e+003,-1.82953834873855e+001,-7.47128386643504e+001
2.11348903983669e+003,-1.81858201688431e+001,-7.45262823539819e+001
2.13796208950227e+003,-1.80760456522960e+001,-7.43380980303900e+001
2.16271852372706e+003,-1.79660555820487e+001,-7.41482743353360e+001
2.18776162394959e+003,-1.78558455228915e+001,-7.39568001013490e+001
2.21309470960568e+003,-1.77454109591179e+001,-7.37636643610155e+001
2.23872113856838e+003,-1.76347472935462e+001,-7.35688563565005e+001
2.26464430759310e+003,-1.75238498465470e+001,-7.33723655493022e+001
2.29086765276781e+003,-1.74127138550776e+001,-7.31741816302406e+001
2.31739464996852e+003,-1.73013344717236e+001,-7.29742945296798e+001
2.34422881531997e+003,-1.71897067637481e+001,-7.27726944279860e+001
2.37137370566170e+003,-1.70778257121509e+001,-7.25693717662199e+001
2.39883291901954e+003,-1.69656862107359e+001,-7.23643172570632e+001
2.42661009508246e+003,-1.68532830651904e+001,-7.21575218959803e+001
2.45470891568508e+003,-1.67406109921742e+001,-7.19489769726116e+001
2.48313310529562e+003,-1.66276646184219e+001,-7.17386740824000e+001
2.51188643150963e+003,-1.65144384798575e+001,-7.15266051384474e+001
2.54097270554935e+003,-1.64009270207219e+001,-7.13127623835998e+001
2.57039578276891e+003,-1.62871245927161e+001,-7.10971384027590e+001
2.60015956316532e+003,-1.61730254541577e+001,-7.08797261354181e+001
2.63026799189543e+003,-1.60586237691544e+001,-7.06605188884175e+001
2.66072505979886e+003,-1.59439136067935e+001,-7.04395103489194e+001
2.69153480392697e+003,-1.58288889403477e+001,-7.02166945975952e+001
2.72270130807796e+003,-1.57135436464995e+001,-6.99920661220230e+001
2.75422870333822e+003,-1.55978715045835e+001,-6.97656198302903e+001
2.78612116862982e+003,-1.54818661958468e+001,-6.95373510647967e+001
2.81838293126451e+003,-1.53655213027296e+001,-6.93072556162516e+001
2.85101826750396e+003,-1.52488303081643e+001,-6.90753297378602e+001
2.88403150312666e+003,-1.51317865948957e+001,-6.88415701596933e+001
2.91742701400122e+003,-1.50143834448201e+001,-6.86059741032317e+001
2.95120922666644e+003,-1.48966140383460e+001,-6.83685392960810e+001
2.98538261891802e+003,-1.47784714537749e+001,-6.81292639868461e+001
3.01995172040207e+003,-1.46599486667024e+001,-6.78881469601602e+001
3.05492111321557e+003,-1.45410385494401e+001,-6.76451875518585e+001
3.09029543251365e+003,-1.44217338704578e+001,-6.74003856642872e+001
3.12607936712402e+003,-1.43020272938460e+001,-6.71537417817409e+001
3.16227766016844e+003,-1.41819113787973e+001,-6.69052569860157e+001
3.19889510969146e+003,-1.40613785791074e+001,-6.66549329720707e+001
3.23593656929635e+003,-1.39404212426948e+001,-6.64027720637863e+001
3.27340694878845e+003,-1.38190316111371e+001,-6.61487772298086e+001
3.31131121482598e+003,-1.36972018192248e+001,-6.58929520994697e+001
3.34965439157834e+003,-1.35749238945299e+001,-6.56353009787719e+001
3.38844156139209e+003,-1.34521897569884e+001,-6.53758288664248e+001
3.42767786546457e+003,-1.33289912184961e+001,-6.51145414699239e+001
3.46736850452539e+003,-1.32053199825141e+001,-6.48514452216581e+001
3.50751873952575e+003,-1.30811676436834e+001,-6.45865472950348e+001
3.54813389233583e+003,-1.29565256874466e+001,-6.43198556206111e+001
3.58921934645013e+003,-1.28313854896726e+001,-6.40513789022173e+001
3.63078054770109e+003,-1.27057383162840e+001,-6.37811266330636e+001
3.67282300498092e+003,-1.25795753228818e+001,-6.35091091118150e+001
3.71535229097180e+003,-1.24528875543663e+001,-6.32353374586260e+001
3.75837404288452e+003,-1.23256659445494e+001,-6.29598236311207e+001
3.80189396320569e+003,-1.21979013157544e+001,-6.26825804403098e+001
3.84591782045362e+003,-1.20695843784007e+001,-6.24036215664327e+001
3.89045144994289e+003,-1.19407057305669e+001,-6.21229615747143e+001
3.93550075455786e+003,-1.18112558575291e+001,-6.18406159310287e+001
3.98107170553506e+003,-1.16812251312685e+001,-6.15566010174591e+001
4.02717034325468e+003,-1.15506038099428e+001,-6.12709341477476e+001
4.07380277804121e+003,-1.14193820373163e+001,-6.09836335826275e+001
4.12097519097339e+003,-1.12875498421411e+001,-6.06947185450321e+001
4.16869383470344e+003,-1.11550971374843e+001,-6.04042092351755e+001
4.21696503428591e+003,-1.10220137199923e+001,-6.01121268455030e+001
4.26579518801602e+003,-1.08882892690867e+001,-5.98184935755077e+001
4.31519076827775e+003,-1.07539133460821e+001,-5.95233326464156e+001
4.36515832240175e+003,-1.06188753932186e+001,-5.92266683157384e+001
4.41570447353322e+003,-1.04831647325985e+001,-5.89285258917001e+001
4.46683592150973e+003,-1.03467705650208e+001,-5.86289317475418e+001
4.51855944374932e+003,-1.02096819686994e+001,-5.83279133357136e+001
4.57088189614885e+003,-1.00718878978589e+001,-5.80254992019648e+001
4.62381021399271e+003,-9.93337718119357e+000,-5.77217189993454e+001
4.67735141287209e+003,-9.79413852018027e+000,-5.74166035021361e+001
4.73151258961491e+003,-9.65416048723226e+000,-5.71101846197257e+001
4.78630092322649e+003,-9.51343152368132e+000,-5.68024954104609e+001
4.84172367584110e+003,-9.37193993757533e+000,-5.64935700954933e+001
4.89778819368457e+003,-9.22967390127706e+000,-5.61834440726565e+001
4.95450190804801e+003,-9.08662144885008e+000,-5.58721539304066e+001
5.01187233627283e+003,-8.94277047321631e+000,-5.55597374618672e+001
5.06990708274716e+003,-8.79810872306980e+000,-5.52462336790224e+001
5.12861383991376e+003,-8.65262379952998e+000,-5.49316828271074e+001
5.18800038928973e+003,-8.50630315251737e+000,-5.46161263992522e+001
5.24807460249784e+003,-8.35913407683381e+000,-5.42996071514381e+001
5.30884444231000e+003,-8.21110370792855e+000,-5.39821691178344e+001
5.37031796370265e+003,-8.06219901733077e+000,-5.36638576265889e+001
5.43250331492446e+003,-7.91240680772831e+000,-5.33447193161518e+001
5.49540873857637e+003,-7.76171370767139e+000,-5.30248021522210e+001
5.55904257270416e+003,-7.61010616587964e+000,-5.27041554454037e+001
5.62341325190362e+003,-7.45757044512928e+000,-5.23828298696989e+001
5.68852930843855e+003,-7.30409261569683e+000,-5.20608774819125e+001
5.75439937337170e+003,-7.14965854833443e+000,-5.17383517421265e+001
5.82103217770885e+003,-6.99425390675113e+000,-5.14153075353552e+001
5.88843655355603e+003,-6.83786413957296e+000,-5.10918011945301e+001
5.95662143529024e+003,-6.68047447175395e+000,-5.07678905249669e+001
6.02559586074372e+003,-6.52206989540877e+000,-5.04436348304802e+001
6.09536897240184e+003,-6.36263516003651e+000,-5.01190949413250e+001
6.16595001861497e+003,-6.20215476210356e+000,-4.97943332441563e+001
6.23734835482434e+003,-6.04061293395276e+000,-4.94694137142136e+001
6.30957344480208e+003,-5.87799363200352e+000,-4.91444019499530e+001
6.38263486190564e+003,-5.71428052420704e+000,-4.88193652103647e+001
6.45654229034671e+003,-5.54945697671832e+000,-4.84943724552346e+001
6.53130552647488e+003,-5.38350603974518e+000,-4.81694943886247e+001
6.60693448007612e+003,-5.21641043253268e+000,-4.78448035058690e+001
6.68343917568631e+003,-5.04815252743892e+000,-4.75203741444059e+001
6.76082975391998e+003,-4.87871433305643e+000,-4.71962825387885e+001
6.83911647281446e+003,-4.70807747633074e+000,-4.68726068802422e+001
6.91830970918953e+003,-4.53622318362528e+000,-4.65494273811688e+001
6.99841996002291e+003,-4.36313226067916e+000,-4.62268263450217e+001
7.07945784384155e+003,-4.18878507140134e+000,-4.59048882420171e+001
7.16143410212920e+003,-4.01316151544176e+000,-4.55836997911734e+001
7.24435960075008e+003,-3.83624100447656e+000,-4.52633500492192e+001
7.32824533138922e+003,-3.65800243714105e+000,-4.49439305069451e+001
7.41310241300936e+003,-3.47842417254011e+000,-4.46255351936254e+001
7.49894209332474e+003,-3.29748400226180e+000,-4.43082607901864e+001
7.58577575029203e+003,-3.11515912081523e+000,-4.39922067518508e+001
7.67361489361838e+003,-2.93142609440933e+000,-4.36774754410530e+001
7.76247116628711e+003,-2.74626082798370e+000,-4.33641722714820e+001
7.85235634610091e+003,-2.55963853039747e+000,-4.30524058641880e+001
7.94328234724301e+003,-2.37153367767608e+000,-4.27422882167634e+001
8.03526122185638e+003,-2.18191997420962e+000,-4.24339348867040e+001
8.12830516164120e+003,-1.99077031178939e+000,-4.21274651901510e+001
8.22242649947092e+003,-1.79805672636238e+000,-4.18230024173238e+001
8.31763771102692e+003,-1.60375035237523e+000,-4.15206740660751e+001
8.41395141645217e+003,-1.40782137457106e+000,-4.12206120951328e+001
8.51138038202398e+003,-1.21023897709353e+000,-4.09229531987395e+001
8.60993752184623e+003,-1.01097128974307e+000,-4.06278391045663e+001
8.70963589956103e+003,-8.09985331219904e-001,-4.03354168969593e+001
8.81048873008037e+003,-6.07246949177767e-001,-4.00458393677805e+001
8.91250938133769e+003,-4.02720756900859e-001,-3.97592653973303e+001
9.01571137605980e+003,-1.96370066404094e-001,-3.94758603680917e+001
9.12010839355933e+003,1.18431822557427e-002,-3.91957966143196e+001
9.22571427154787e+003,2.21958495683966e-001,-3.89192539108102e+001
9.33254300797015e+003,4.34016906107223e-001,-3.86464200045431e+001
9.44060876285948e+003,6.48061054842810e-001,-3.83774911932807e+001
9.54992586021461e+003,8.64135280547911e-001,-3.81126729556556e+001
9.66050878989839e+003,1.08228571253438e+000,-3.78521806377764e+001
9.77237220955836e+003,1.30256036945025e+000,-3.75962402019415e+001
9.88553094656965e+003,1.52500926364509e+000,-3.73450890436872e+001
1.00000000000003e+004,1.74968451155171e+000,-3.70989768841064e+001
1.01157945425993e+004,1.97664045043167e+000,-3.68581667451846e+001
1.02329299228078e+004,2.20593376184566e+000,-3.66229360168090e+001
1.03514216667937e+004,2.43762360222168e+000,-3.63935776251412e+001
1.04712854805093e+004,2.67177174090349e+000,-3.61704013132170e+001
1.05925372517732e+004,2.90844270606692e+000,-3.59537350459633e+001
1.07151930523764e+004,3.14770393889289e+000,-3.57439265533390e+001
1.08392691402123e+004,3.38962595637939e+000,-3.55413450270266e+001
1.09647819614321e+004,3.63428252315992e+000,-3.53463829880662e+001
1.10917481526243e+004,3.88175083266956e+000,-3.51594583450624e+001
1.12201845430199e+004,4.13211169795766e+000,-3.49810166651597e+001
1.13501081567235e+004,4.38544975238589e+000,-3.48115336829107e+001
1.14815362149691e+004,4.64185366036346e+000,-3.46515180755231e+001
1.16144861384037e+004,4.90141633815417e+000,-3.45015145368218e+001
1.17489755493956e+004,5.16423518463047e+000,-3.43621071866931e+001
1.18850222743705e+004,5.43041232163905e+000,-3.42339233578603e+001
1.20226443461745e+004,5.70005484336553e+000,-3.41176378076999e+001
1.21618600064640e+004,5.97327507372425e+000,-3.40139774095502e+001
1.23026877081242e+004,6.25019083033115e+000,-3.39237263857338e+001
1.24451461177142e+004,6.53092569301350e+000,-3.38477321534821e+001
1.25892541179420e+004,6.81560927403338e+000,-3.37869118652850e+001
1.27350308101670e+004,7.10437748620575e+000,-3.37422597371111e+001
1.28824955169317e+004,7.39737280381652e+000,-3.37148552716947e+001
1.30316677845234e+004,7.69474450961555e+000,-3.37058724999207e+001
1.31825673855644e+004,7.99664891907717e+000,-3.37165903815604e+001
1.33352143216336e+004,8.30324957046115e+000,-3.37484045275282e+001
1.34896288259169e+004,8.61471736581343e+000,-3.38028404297696e+001
1.36458313658896e+004,8.93123064371118e+000,-3.38815684121702e+001
1.38038426460292e+004,9.25297515902424e+000,-3.39864205467814e+001
1.39636836105598e+004,9.58014393789598e+000,-3.41194098143730e+001
1.41253754462279e+004,9.91293696711561e+000,-3.42827518268797e+001
1.42889395851114e+004,1.02515606655102e+001,-3.44788894714328e+001
1.44543977074597e+004,1.05962270702282e+001,-3.47105208806122e+001
1.46217717445676e+004,1.09471526519227e+001,-3.49806311797901e+001
1.47910838816825e+004,1.13045566487427e+001,-3.52925285072607e+001
1.49623565609448e+004,1.16686587782720e+001,-3.56498848416912e+001
1.51356124843625e+004,1.20396761473498e+001,-3.60567821969553e+001
1.53108746168207e+004,1.24178191298695e+001,-3.65177647451431e+001
1.54881661891253e+004,1.28032859195642e+001,-3.70378973868210e+001
1.56675107010819e+004,1.31962553853860e+001,-3.76228311767843e+001
1.58489319246116e+004,1.35968777579923e+001,-3.82788757938941e+001
1.60324539069009e+004,1.40052625536982e+001,-3.90130788567010e+001
1.62181009735898e+004,1.44214629942942e+001,-3.98333112478646e+001
1.64058977319959e+004,1.48454560066019e+001,-4.07483565992934e+001
1.65958690743761e+004,1.52771166880050e+001,-4.17680015383315e+001
1.67880401812261e+004,1.57161859151718e+001,-4.29031209751346e+001
1.69824365246179e+004,1.61622295792616e+001,-4.41657493257738e+001
1.71790838715764e+004,1.66145878036330e+001,-4.55691237520569e+001
1.73780082874943e+004,1.70723125311722e+001,-4.71276788618727e+001
1.75792361395875e+004,1.75340922103351e+001,-4.88569635180055e+001
1.77827941003898e+004,1.79981631990679e+001,-5.07734393814850e+001
1.79887091512884e+004,1.84622092853020e+001,-5.28941081634237e+001
1.81970085861004e+004,1.89232538317458e+001,-5.52359022023919e+001
1.84077200146901e+004,1.93775539584956e+001,-5.78147651480509e+001
1.86208713666292e+004,1.98205131690109e+001,-6.06443538504600e+001
1.88364908948986e+004,2.02466375945473e+001,-6.37343206879105e+001
1.90546071796330e+004,2.06495700033659e+001,-6.70882018880536e+001
1.92752491319099e+004,2.10222412990855e+001,-7.07010534813864e+001
1.94984459975810e+004,2.13571755549867e+001,-7.45571394413638e+001
1.97242273611491e+004,2.16469649145890e+001,-7.86281526072227e+001
1.99526231496894e+004,2.18848912206685e+001,-8.28725629850760e+001
2.01836636368162e+004,2.20656174089729e+001,-8.72366376705763e+001
2.04173794466959e+004,2.21858220286648e+001,-9.16573871912300e+001
2.06538015581059e+004,2.22446318200027e+001,-9.60671953887252e+001
2.08929613085410e+004,2.22437402036003e+001,-1.00399358214522e+002
2.11348903983671e+004,2.21871792634873e+001,-1.04593439879614e+002
2.13796208950230e+004,2.20808069733695e+001,-1.08599420008960e+002
2.16271852372709e+004,2.19316384106981e+001,-1.12380017422498e+002
2.18776162394962e+004,2.17471650795001e+001,-1.15911123209402e+002
2.21309470960571e+004,2.15347750009699e+001,-1.19180718535193e+002
2.23872113856841e+004,2.13013324458384e+001,-1.22186861633493e+002
2.26464430759313e+004,2.10529256182732e+001,-1.24935314659861e+002
2.29086765276784e+004,2.07947574879516e+001,-1.27437236464206e+002
2.31739464996855e+004,2.05311410968302e+001,-1.29707189356429e+002
2.34422881531999e+004,2.02655607294852e+001,-1.31761558285134e+002
2.37137370566173e+004,2.00007675483571e+001,-1.33617381524167e+002
2.39883291901957e+004,1.97388874836012e+001,-1.35291539548963e+002
2.42661009508249e+004,1.94815274580199e+001,-1.36800229845232e+002
2.45470891568511e+004,1.92298723393399e+001,-1.38158656080919e+002
2.48313310529565e+004,1.89847692911714e+001,-1.39380870017924e+002
2.51188643150966e+004,1.87467988212623e+001,-1.40479717320934e+002
2.54097270554939e+004,1.85163332739467e+001,-1.41466850675753e+002
2.57039578276895e+004,1.82935841946695e+001,-1.42352783955009e+002
2.60015956316535e+004,1.80786402146647e+001,-1.43146969241536e+002
2.63026799189547e+004,1.78714970705434e+001,-1.43857884525512e+002
2.66072505979889e+004,1.76720812170128e+001,-1.44493124200929e+002
2.69153480392700e+004,1.74802682879786e+001,-1.45059487491695e+002
2.72270130807800e+004,1.72958974539240e+001,-1.45563061980562e+002
2.75422870333825e+004,1.71187825325063e+001,-1.46009300769277e+002
2.78612116862986e+004,1.69487205432522e+001,-1.46403092673318e+002
2.81838293126454e+004,1.67854982578263e+001,-1.46748825400718e+002
2.85101826750400e+004,1.66288971829864e+001,-1.47050441989516e+002
2.88403150312670e+004,1.64786973209851e+001,-1.47311490957568e+002
2.91742701400126e+004,1.63346799784062e+001,-1.47535170703290e+002
2.95120922666648e+004,1.61966298359241e+001,-1.47724368721555e+002
2.98538261891806e+004,1.60643364453449e+001,-1.47881696188598e+002
3.01995172040211e+004,1.59375952840180e+001,-1.48009518438955e+002
3.05492111321561e+004,1.58162084682731e+001,-1.48109981816054e+002
3.09029543251369e+004,1.56999852052695e+001,-1.48185037332362e+002
3.12607936712406e+004,1.55887420452151e+001,-1.48236461529003e+002
3.16227766016848e+004,1.54823029822855e+001,-1.48265874880544e+002
3.19889510969150e+004,1.53804994419085e+001,-1.48274758049678e+002
3.23593656929639e+004,1.52831701837333e+001,-1.48264466259158e+002
3.27340694878849e+004,1.51901611430781e+001,-1.48236242014889e+002
3.31131121482602e+004,1.51013252285299e+001,-1.48191226384381e+002
3.34965439157839e+004,1.50165220893727e+001,-1.48130469008573e+002
3.38844156139214e+004,1.49356178633762e+001,-1.48054937002136e+002
3.42767786546462e+004,1.48584849130250e+001,-1.47965522877338e+002
3.46736850452543e+004,1.47850015563418e+001,-1.47863051609143e+002
3.50751873952580e+004,1.47150517969512e+001,-1.47748286944071e+002
3.54813389233587e+004,1.46485250568540e+001,-1.47621937042237e+002
3.58921934645017e+004,1.45853159144631e+001,-1.47484659530577e+002
3.63078054770114e+004,1.45253238497334e+001,-1.47337066035422e+002
3.67282300498097e+004,1.44684529976635e+001,-1.47179726253987e+002
3.71535229097185e+004,1.44146119110159e+001,-1.47013171616962e+002
3.75837404288457e+004,1.43637133327693e+001,-1.46837898587914e+002
3.80189396320574e+004,1.43156739785642e+001,-1.46654371639627e+002
3.84591782045367e+004,1.42704143292088e+001,-1.46463025942647e+002
3.89045144994294e+004,1.42278584331701e+001,-1.46264269797062e+002
3.93550075455791e+004,1.41879337188649e+001,-1.46058486834860e+002
3.98107170553511e+004,1.41505708164910e+001,-1.45846038016994e+002
4.02717034325473e+004,1.41157033890843e+001,-1.45627263446483e+002
4.07380277804127e+004,1.40832679724491e+001,-1.45402484016414e+002
4.12097519097344e+004,1.40532038235892e+001,-1.45172002909577e+002
4.16869383470350e+004,1.40254527772543e+001,-1.44936106964557e+002
4.21696503428597e+004,1.39999591102118e+001,-1.44695067921496e+002
4.26579518801608e+004,1.39766694128589e+001,-1.44449143559245e+002
4.31519076827780e+004,1.39555324677943e+001,-1.44198578734378e+002
4.36515832240181e+004,1.39364991349801e+001,-1.43943606331399e+002
4.41570447353328e+004,1.39195222431388e+001,-1.43684448132492e+002
4.46683592150979e+004,1.39045564870399e+001,-1.43421315614283e+002
4.51855944374938e+004,1.38915583303523e+001,-1.43154410678294e+002
4.57088189614891e+004,1.38804859137482e+001,-1.42883926321117e+002
4.62381021399277e+004,1.38712989679628e+001,-1.42610047249684e+002
4.67735141287215e+004,1.38639587315318e+001,-1.42332950446500e+002
4.73151258961497e+004,1.38584278729399e+001,-1.42052805689222e+002
4.78630092322655e+004,1.38546704169310e+001,-1.41769776028512e+002
4.84172367584117e+004,1.38526516747471e+001,-1.41484018227753e+002
4.89778819368464e+004,1.38523381780722e+001,-1.41195683167839e+002
4.95450190804808e+004,1.38536976164755e+001,-1.40904916219974e+002
5.01187233627290e+004,1.38566987781571e+001,-1.40611857589119e+002
5.06990708274723e+004,1.38613114938155e+001,-1.40316642630507e+002
5.12861383991383e+004,1.38675065834618e+001,-1.40019402141406e+002
5.18800038928980e+004,1.38752558060228e+001,-1.39720262630132e+002
5.24807460249792e+004,1.38845318115788e+001,-1.39419346564121e+002
5.30884444231008e+004,1.38953080960966e+001,-1.39116772598730e+002
5.37031796370272e+004,1.39075589585235e+001,-1.38812655788271e+002
5.43250331492453e+004,1.39212594601171e+001,-1.38507107780678e+002
5.49540873857645e+004,1.39363853858952e+001,-1.38200236997076e+002
5.55904257270424e+004,1.39529132080939e+001,-1.37892148797413e+002
5.62341325190370e+004,1.39708200515321e+001,-1.37582945633231e+002
5.68852930843862e+004,1.39900836607843e+001,-1.37272727188569e+002
5.75439937337178e+004,1.40106823690708e+001,-1.36961590509890e+002
5.82103217770893e+004,1.40325950687786e+001,-1.36649630125889e+002
5.88843655355611e+004,1.40558011835332e+001,-1.36336938157929e+002
5.95662143529033e+004,1.40802806417435e+001,-1.36023604421846e+002
6.02559586074380e+004,1.41060138515492e+001,-1.35709716521762e+002
6.09536897240192e+004,1.41329816771013e+001,-1.35395359936522e+002
6.16595001861505e+004,1.41611654161126e+001,-1.35080618099332e+002
6.23734835482443e+004,1.41905467786167e+001,-1.34765572471102e+002
6.30957344480217e+004,1.42211078668777e+001,-1.34450302608000e+002
6.38263486190573e+004,1.42528311563975e+001,-1.34134886223658e+002
6.45654229034680e+004,1.42856994779666e+001,-1.33819399246458e+002
6.53130552647497e+004,1.43196960007111e+001,-1.33503915872283e+002
6.60693448007621e+004,1.43548042160888e+001,-1.33188508613099e+002
6.68343917568640e+004,1.43910079227885e+001,-1.32873248341709e+002
6.76082975392007e+004,1.44282912124926e+001,-1.32558204332994e+002
6.83911647281455e+004,1.44666384564599e+001,-1.32243444301933e+002
6.91830970918963e+004,1.45060342928919e+001,-1.31929034438681e+002
6.99841996002300e+004,1.45464636150448e+001,-1.31615039440951e+002
7.07945784384165e+004,1.45879115600527e+001,-1.31301522543953e+002
7.16143410212929e+004,1.46303634984268e+001,-1.30988545548097e+002
7.24435960075018e+004,1.46738050241998e+001,-1.30676168844676e+002
7.32824533138932e+004,1.47182219456841e+001,-1.30364451439723e+002
7.41310241300946e+004,1.47636002768131e+001,-1.30053450976213e+002
7.49894209332484e+004,1.48099262290385e+001,-1.29743223754783e+002
7.58577575029213e+004,1.48571862037548e+001,-1.29433824753129e+002
7.67361489361848e+004,1.49053667852262e+001,-1.29125307644211e+002
7.76247116628721e+004,1.49544547339888e+001,-1.28817724813421e+002
7.85235634610102e+004,1.50044369807049e+001,-1.28511127374813e+002
7.94328234724312e+004,1.50553006204462e+001,-1.28205565186534e+002
8.03526122185648e+004,1.51070329073820e+001,-1.27901086865543e+002
8.12830516164131e+004,1.51596212498524e+001,-1.27597739801734e+002
8.22242649947103e+004,1.52130532058040e+001,-1.27295570171534e+002
8.31763771102703e+004,1.52673164785692e+001,-1.26994622951075e+002
8.41395141645228e+004,1.53223989129695e+001,-1.26694941929013e+002
8.51138038202410e+004,1.53782884917235e+001,-1.26396569719055e+002
8.60993752184634e+004,1.54349733321425e+001,-1.26099547772266e+002
8.70963589956114e+004,1.54924416830965e+001,-1.25803916389217e+002
8.81048873008048e+004,1.55506819222336e+001,-1.25509714732012e+002
8.91250938133780e+004,1.56096825534366e+001,-1.25216980836256e+002
9.01571137605992e+004,1.56694322045030e+001,-1.24925751622999e+002
9.12010839355946e+004,1.57299196250319e+001,-1.24636062910695e+002
9.22571427154799e+004,1.57911336845054e+001,-1.24347949427206e+002
9.33254300797028e+004,1.58530633705495e+001,-1.24061444821888e+002
9.44060876285961e+004,1.59156977873632e+001,-1.23776581677775e+002
9.54992586021474e+004,1.59790261543018e+001,-1.23493391523894e+002
9.66050878989852e+004,1.60430378046042e+001,-1.23211904847713e+002
9.77237220955849e+004,1.61077221842519e+001,-1.22932151107759e+002
9.88553094656978e+004,1.61730688509488e+001,-1.22654158746395e+002
1.00000000000004e+005,1.62390674732126e+001,-1.22377955202787e+002
1.01157945425994e+005,1.63057078295671e+001,-1.22103566926055e+002
1.02329299228080e+005,1.63729798078267e+001,-1.21831019388610e+002
1.03514216667939e+005,1.64408734044633e+001,-1.21560337099700e+002
1.04712854805094e+005,1.65093787240490e+001,-1.21291543619136e+002
1.05925372517733e+005,1.65784859787650e+001,-1.21024661571226e+002
1.07151930523765e+005,1.66481854879699e+001,-1.20759712658892e+002
1.08392691402125e+005,1.67184676778207e+001,-1.20496717677976e+002
1.09647819614323e+005,1.67893230809388e+001,-1.20235696531731e+002
1.10917481526245e+005,1.68607423361165e+001,-1.19976668245484e+002
1.12201845430201e+005,1.69327161880556e+001,-1.19719650981467e+002
1.13501081567236e+005,1.70052354871356e+001,-1.19464662053805e+002
1.14815362149693e+005,1.70782911892034e+001,-1.19211717943650e+002
1.16144861384039e+005,1.71518743553819e+001,-1.18960834314460e+002
1.17489755493958e+005,1.72259761518922e+001,-1.18712026027392e+002
1.18850222743707e+005,1.73005878498848e+001,-1.18465307156822e+002
1.20226443461746e+005,1.73757008252771e+001,-1.18220691005957e+002
1.21618600064642e+005,1.74513065585928e+001,-1.17978190122541e+002
1.23026877081243e+005,1.75273966347997e+001,-1.17737816314638e+002
1.24451461177144e+005,1.76039627431446e+001,-1.17499580666477e+002
1.25892541179422e+005,1.76809966769801e+001,-1.17263493554348e+002
1.27350308101671e+005,1.77584903335831e+001,-1.17029564662532e+002
1.28824955169319e+005,1.78364357139617e+001,-1.16797802999262e+002
1.30316677845235e+005,1.79148249226486e+001,-1.16568216912683e+002
1.31825673855646e+005,1.79936501674792e+001,-1.16340814106824e+002
1.33352143216338e+005,1.80729037593534e+001,-1.16115601657537e+002
1.34896288259171e+005,1.81525781119792e+001,-1.15892586028425e+002
1.36458313658898e+005,1.82326657415967e+001,-1.15671773086714e+002
1.38038426460294e+005,1.83131592666826e+001,-1.15453168119083e+002
1.39636836105600e+005,1.83940514076331e+001,-1.15236775847422e+002
1.41253754462281e+005,1.84753349864253e+001,-1.15022600444512e+002
1.42889395851116e+005,1.85570029262568e+001,-1.14810645549626e+002
1.44543977074599e+005,1.86390482511618e+001,-1.14600914284018e+002
1.46217717445678e+005,1.87214640856052e+001,-1.14393409266315e+002
1.47910838816827e+005,1.88042436540536e+001,-1.14188132627777e+002
1.49623565609450e+005,1.88873802805231e+001,-1.13985086027438e+002
1.51356124843627e+005,1.89708673881040e+001,-1.13784270667100e+002
1.53108746168210e+005,1.90546984984639e+001,-1.13585687306187e+002
1.54881661891255e+005,1.91388672313270e+001,-1.13389336276435e+002
1.56675107010822e+005,1.92233673039322e+001,-1.13195217496425e+002
1.58489319246118e+005,1.93081925304696e+001,-1.13003330485942e+002
1.60324539069011e+005,1.93933368214956e+001,-1.12813674380152e+002
1.62181009735900e+005,1.94787941833273e+001,-1.12626247943600e+002
1.64058977319961e+005,1.95645587174180e+001,-1.12441049584013e+002
1.65958690743763e+005,1.96506246197120e+001,-1.12258077365906e+002
1.67880401812263e+005,1.97369861799823e+001,-1.12077329023992e+002
1.69824365246182e+005,1.98236377811499e+001,-1.11898801976370e+002
1.71790838715766e+005,1.99105738985858e+001,-1.11722493337522e+002
1.73780082874945e+005,1.99977890993983e+001,-1.11548399931074e+002
1.75792361395877e+005,2.00852780417035e+001,-1.11376518302357e+002
1.77827941003900e+005,2.01730354738824e+001,-1.11206844730725e+002
1.79887091512887e+005,2.02610562338247e+001,-1.11039375241668e+002
1.81970085861006e+005,2.03493352481596e+001,-1.10874105618683e+002
1.84077200146904e+005,2.04378675314758e+001,-1.10711031414919e+002
1.86208713666295e+005,2.05266481855299e+001,-1.10550147964591e+002
1.88364908948988e+005,2.06156723984463e+001,-1.10391450394160e+002
1.90546071796333e+005,2.07049354439079e+001,-1.10234933633279e+002
1.92752491319102e+005,2.07944326803395e+001,-1.10080592425499e+002
1.94984459975813e+005,2.08841595500841e+001,-1.09928421338744e+002
1.97242273611494e+005,2.09741115785740e+001,-1.09778414775548e+002
1.99526231496897e+005,2.10642843734970e+001,-1.09630566983048e+002
2.01836636368165e+005,2.11546736239589e+001,-1.09484872062755e+002
2.04173794466962e+005,2.12452750996433e+001,-1.09341323980071e+002
2.06538015581062e+005,2.13360846499700e+001,-1.09199916573582e+002
2.08929613085413e+005,2.14270982032518e+001,-1.09060643564113e+002
2.11348903983674e+005,2.15183117658525e+001,-1.08923498563542e+002
2.13796208950233e+005,2.16097214213453e+001,-1.08788475083394e+002
2.16271852372712e+005,2.17013233296734e+001,-1.08655566543187e+002
2.18776162394965e+005,2.17931137263142e+001,-1.08524766278557e+002
2.21309470960574e+005,2.18850889214470e+001,-1.08396067549153e+002
2.23872113856844e+005,2.19772452991253e+001,-1.08269463546301e+002
2.26464430759316e+005,2.20695793164561e+001,-1.08144947400444e+002
2.29086765276788e+005,2.21620875027845e+001,-1.08022512188356e+002
2.31739464996858e+005,2.22547664588872e+001,-1.07902150940134e+002
2.34422881532003e+005,2.23476128561741e+001,-1.07783856645972e+002
2.37137370566176e+005,2.24406234358991e+001,-1.07667622262716e+002
2.39883291901960e+005,2.25337950083821e+001,-1.07553440720195e+002
2.42661009508253e+005,2.26271244522416e+001,-1.07441304927350e+002
2.45470891568514e+005,2.27206087136399e+001,-1.07331207778145e+002
2.48313310529568e+005,2.28142448055417e+001,-1.07223142157263e+002
2.51188643150969e+005,2.29080298069857e+001,-1.07117100945602e+002
2.54097270554942e+005,2.30019608623726e+001,-1.07013077025565e+002
2.57039578276898e+005,2.30960351807678e+001,-1.06911063286139e+002
2.60015956316539e+005,2.31902500352219e+001,-1.06811052627782e+002
2.63026799189550e+005,2.32846027621080e+001,-1.06713037967104e+002
2.66072505979893e+005,2.33790907604782e+001,-1.06617012241354e+002
2.69153480392704e+005,2.34737114914403e+001,-1.06522968412715e+002
2.72270130807804e+005,2.35684624775539e+001,-1.06430899472397e+002
2.75422870333829e+005,2.36633413022493e+001,-1.06340798444550e+002
2.78612116862990e+005,2.37583456092687e+001,-1.06252658389981e+002
2.81838293126458e+005,2.38534731021309e+001,-1.06166472409683e+002
2.85101826750404e+005,2.39487215436213e+001,-1.06082233648190e+002
2.88403150312674e+005,2.40440887553073e+001,-1.05999935296729e+002
2.91742701400130e+005,2.41395726170811e+001,-1.05919570596211e+002
2.95120922666652e+005,2.42351710667311e+001,-1.05841132840025e+002
2.98538261891810e+005,2.43308820995418e+001,-1.05764615376667e+002
3.01995172040216e+005,2.44267037679257e+001,-1.05690011612178e+002
3.05492111321566e+005,2.45226341810860e+001,-1.05617315012417e+002
3.09029543251373e+005,2.46186715047143e+001,-1.05546519105155e+002
3.12607936712410e+005,2.47148139607215e+001,-1.05477617481995e+002
3.16227766016853e+005,2.48110598270066e+001,-1.05410603800122e+002
3.19889510969155e+005,2.49074074372628e+001,-1.05345471783873e+002
3.23593656929643e+005,2.50038551808234e+001,-1.05282215226152e+002
3.27340694878854e+005,2.51004015025491e+001,-1.05220827989659e+002
3.31131121482607e+005,2.51970449027587e+001,-1.05161304007956e+002
3.34965439157843e+005,2.52937839372051e+001,-1.05103637286371e+002
3.38844156139219e+005,2.53906172170983e+001,-1.05047821902716e+002
3.42767786546467e+005,2.54875434091776e+001,-1.04993852007859e+002
3.46736850452548e+005,2.55845612358365e+001,-1.04941721826106e+002
3.50751873952585e+005,2.56816694753008e+001,-1.04891425655436e+002
3.54813389233592e+005,2.57788669618635e+001,-1.04842957867550e+002
3.58921934645022e+005,2.58761525861797e+001,-1.04796312907762e+002
3.63078054770119e+005,2.59735252956233e+001,-1.04751485294726e+002
3.67282300498102e+005,2.60709840947092e+001,-1.04708469619980e+002
3.71535229097190e+005,2.61685280455844e+001,-1.04667260547339e+002
3.75837404288462e+005,2.62661562685909e+001,-1.04627852812104e+002
3.80189396320579e+005,2.63638679429048e+001,-1.04590241220116e+002
3.84591782045372e+005,2.64616623072546e+001,-1.04554420646625e+002
3.89045144994299e+005,2.65595386607244e+001,-1.04520386035007e+002
3.93550075455796e+005,2.66574963636450e+001,-1.04488132395292e+002
3.98107170553516e+005,2.67555348385778e+001,-1.04457654802539e+002
4.02717034325479e+005,2.68536535713983e+001,-1.04428948395027e+002
4.07380277804132e+005,2.69518521124821e+001,-1.04402008372278e+002
4.12097519097350e+005,2.70501300780019e+001,-1.04376829992918e+002
4.16869383470356e+005,2.71484871513392e+001,-1.04353408572355e+002
4.21696503428603e+005,2.72469230846194e+001,-1.04331739480288e+002
4.26579518801613e+005,2.73454377003762e+001,-1.04311818138059e+002
4.31519076827786e+005,2.74440308933540e+001,-1.04293640015815e+002
4.36515832240187e+005,2.75427026324551e+001,-1.04277200629520e+002
4.41570447353334e+005,2.76414529628422e+001,-1.04262495537794e+002
4.46683592150985e+005,2.77402820082041e+001,-1.04249520338585e+002
4.51855944374944e+005,2.78391899731957e+001,-1.04238270665684e+002
4.57088189614897e+005,2.79381771460630e+001,-1.04228742185085e+002
4.62381021399283e+005,2.80372439014645e+001,-1.04220930591187e+002
4.67735141287221e+005,2.81363907035018e+001,-1.04214831602852e+002
4.73151258961504e+005,2.82356181089726e+001,-1.04210440959326e+002
4.78630092322662e+005,2.83349267708614e+001,-1.04207754416016e+002
4.84172367584123e+005,2.84343174420826e+001,-1.04206767740164e+002
4.89778819368470e+005,2.85337909794932e+001,-1.04207476706389e+002
4.95450190804815e+005,2.86333483481932e+001,-1.04209877092145e+002
5.01187233627297e+005,2.87329906261339e+001,-1.04213964673097e+002
5.06990708274729e+005,2.88327190090538e+001,-1.04219735218424e+002
5.12861383991390e+005,2.89325348157660e+001,-1.04227184486093e+002
5.18800038928987e+005,2.90324394938211e+001,-1.04236308218105e+002
5.24807460249799e+005,2.91324346255727e+001,-1.04247102135765e+002
5.30884444231015e+005,2.92325219346728e+001,-1.04259561934988e+002
5.37031796370280e+005,2.93327032930301e+001,-1.04273683281697e+002
5.43250331492460e+005,2.94329807282624e+001,-1.04289461807347e+002
5.49540873857652e+005,2.95333564316815e+001,-1.04306893104636e+002
5.55904257270432e+005,2.96338327668486e+001,-1.04325972723444e+002
5.62341325190377e+005,2.97344122787425e+001,-1.04346696167097e+002
5.68852930843870e+005,2.98350977035882e+001,-1.04369058889002e+002
5.75439937337186e+005,2.99358919793943e+001,-1.04393056289767e+002
5.82103217770901e+005,3.00367982572544e+001,-1.04418683714890e+002
5.88843655355619e+005,3.01378199134714e+001,-1.04445936453148e+002
5.95662143529041e+005,3.02389605625685e+001,-1.04474809735809e+002
6.02559586074388e+005,3.03402240712568e+001,-1.04505298736821e+002
6.09536897240200e+005,3.04416145734356e+001,-1.04537398574158e+002
6.16595001861513e+005,3.05431364863062e+001,-1.04571104312514e+002
6.23734835482451e+005,3.06447945276925e+001,-1.04606410967576e+002
6.30957344480225e+005,3.07465937346618e+001,-1.04643313512136e+002
6.38263486190581e+005,3.08485394835566e+001,-1.04681806884334e+002
6.45654229034688e+005,3.09506375115510e+001,-1.04721885998373e+002
6.53130552647506e+005,3.10528939398607e+001,-1.04763545758097e+002
6.60693448007630e+005,3.11553152987437e+001,-1.04806781073861e+002
6.68343917568649e+005,3.12579085544448e+001,-1.04851586883213e+002
6.76082975392016e+005,3.13606811382485e+001,-1.04897958175953e+002
6.83911647281464e+005,3.14636409778224e+001,-1.04945890024242e+002
6.91830970918972e+005,3.15667965310490e+001,-1.04995377618501e+002
6.99841996002309e+005,3.16701568225627e+001,-1.05046416309983e+002
7.07945784384174e+005,3.17737314832309e+001,-1.05099001661003e+002
7.16143410212939e+005,3.18775307928383e+001,-1.05153129503964e+002
7.24435960075027e+005,3.19815657262607e+001,-1.05208796010485e+002
7.32824533138942e+005,3.20858480034411e+001,-1.05265997772135e+002
7.41310241300956e+005,3.21903901435100e+001,-1.05324731894493e+002
7.49894209332495e+005,3.22952055234282e+001,-1.05384996106522e+002
7.58577575029223e+005,3.24003084415617e+001,-1.05446788887531e+002
7.67361489361859e+005,3.25057141866435e+001,-1.05510109614362e+002
7.76247116628732e+005,3.26114391126160e+001,-1.05574958731830e+002
7.85235634610113e+005,3.27175007198985e+001,-1.05641337949918e+002
7.94328234724323e+005,3.28239177436741e+001,-1.05709250471773e+002
8.03526122185659e+005,3.29307102498487e+001,-1.05778701257169e+002
8.12830516164142e+005,3.30378997393928e+001,-1.05849697326865e+002
8.22242649947114e+005,3.31455092618476e+001,-1.05922248114129e+002
8.31763771102715e+005,3.32535635388412e+001,-1.05996365870697e+002
8.41395141645239e+005,3.33620890985439e+001,-1.06072066135645e+002
8.51138038202421e+005,3.34711144220643e+001,-1.06149368276995e+002
8.60993752184646e+005,3.35806701028763e+001,-1.06228296117495e+002
8.70963589956127e+005,3.36907890204522e+001,-1.06308878657947e+002
8.81048873008061e+005,3.38015065293637e+001,-1.06391150913614e+002
8.91250938133793e+005,3.39128606651983e+001,-1.06475154881926e+002
9.01571137606005e+005,3.40248923687223e+001,-1.06560940662748e+002
9.12010839355958e+005,3.41376457297884e+001,-1.06648567756108e+002
9.22571427154812e+005,3.42511682525464e+001,-1.06738106566599e+002
9.33254300797041e+005,3.43655111435405e+001,-1.06829640148694e+002
9.44060876285974e+005,3.44807296242702e+001,-1.06923266233232e+002
9.54992586021487e+005,3.45968832697307e+001,-1.07019099582366e+002
9.66050878989865e+005,3.47140363743064e+001,-1.07117274728649e+002
9.77237220955863e+005,3.48322583461450e+001,-1.07217949163816e+002
9.88553094656992e+005,3.49516241307484e+001,-1.07321307054485e+002
1.00000000000000e+006,3.50722146639215e+001,-1.07427563575844e+002
