time	V(n004)	V(n007)
0.000000000000000e+000	-3.178187e-002	-5.000000e+000
5.000000000000000e-004	-3.178187e-002	-5.000000e+000
5.000002065883650e-004	-3.178187e-002	-4.979341e+000
5.000006197650951e-004	-3.178187e-002	-4.938024e+000
5.000009628514983e-004	-3.178187e-002	-4.903715e+000
5.000013215384216e-004	-3.178187e-002	-4.867846e+000
5.000020389122681e-004	-3.178187e-002	-4.796109e+000
5.000034736599611e-004	-3.178187e-002	-4.652634e+000
5.000052948590571e-004	-3.178186e-002	-4.470514e+000
5.000075327915770e-004	-3.178185e-002	-4.246721e+000
5.000098372132926e-004	-3.178181e-002	-4.016279e+000
5.000123042972003e-004	-3.178172e-002	-3.769570e+000
5.000157953089257e-004	-3.178133e-002	-3.420469e+000
5.000227773323766e-004	-3.177866e-002	-2.722267e+000
5.000340823779350e-004	-3.176694e-002	-1.591762e+000
5.000445812938493e-004	-3.173990e-002	-5.418706e-001
5.000567421753792e-004	-3.167105e-002	6.742175e-001
5.000697614742666e-004	-3.154076e-002	1.976147e+000
5.000771071069509e-004	-3.142317e-002	2.710711e+000
5.000853087346311e-004	-3.121479e-002	3.530874e+000
5.001000000000000e-004	-3.072240e-002	5.000000e+000
5.001014691265369e-004	-3.065146e-002	5.000000e+000
5.001044073796106e-004	-3.049872e-002	5.000000e+000
5.001102838857582e-004	-3.013435e-002	5.000000e+000
5.001220368980534e-004	-2.910900e-002	5.000000e+000
5.001455429226436e-004	-2.592173e-002	5.000000e+000
5.001722175232425e-004	-1.997508e-002	5.000000e+000
5.002048772954295e-004	-8.460405e-003	5.000000e+000
5.002349201323401e-004	7.224977e-003	5.000000e+000
5.002660808257133e-004	3.011114e-002	5.000000e+000
5.003026932621617e-004	6.723745e-002	5.000000e+000
5.003604358568917e-004	1.467379e-001	5.000000e+000
5.004323149986080e-004	2.782097e-001	5.000000e+000
5.005267582246926e-004	4.990823e-001	5.000000e+000
5.006422039825335e-004	8.244637e-001	5.000000e+000
5.007680770579882e-004	1.224168e+000	5.000000e+000
5.008254821482715e-004	1.419247e+000	5.000000e+000
5.008607503392530e-004	1.543363e+000	5.000000e+000
5.008856544337607e-004	1.632174e+000	5.000000e+000
5.009040124127538e-004	1.698085e+000	5.000000e+000
5.009159343189366e-004	1.741047e+000	5.000000e+000
5.009283748089549e-004	1.785964e+000	5.000000e+000
5.009407910395386e-004	1.830810e+000	5.000000e+000
5.009585419444432e-004	1.894782e+000	5.000000e+000
5.009846011565668e-004	1.988057e+000	5.000000e+000
5.010099523842873e-004	2.077540e+000	5.000000e+000
5.010336034456153e-004	2.159124e+000	5.000000e+000
5.010563109566758e-004	2.235074e+000	5.000000e+000
5.010761055236344e-004	2.298903e+000	5.000000e+000
5.010927569964221e-004	2.350488e+000	5.000000e+000
5.011075203980280e-004	2.394289e+000	5.000000e+000
5.011239988194038e-004	2.440978e+000	5.000000e+000
5.011396316354884e-004	2.482835e+000	5.000000e+000
5.011626709993407e-004	2.539941e+000	5.000000e+000
5.011943778325898e-004	2.611973e+000	5.000000e+000
5.012140607111046e-004	2.652511e+000	5.000000e+000
5.012343470949942e-004	2.690322e+000	5.000000e+000
5.012541124249485e-004	2.724116e+000	5.000000e+000
5.012721443487775e-004	2.752516e+000	5.000000e+000
5.012874034678595e-004	2.774782e+000	5.000000e+000
5.013029128751721e-004	2.795867e+000	5.000000e+000
5.013184492645457e-004	2.815541e+000	5.000000e+000
5.013379737208273e-004	2.838294e+000	5.000000e+000
5.013656896161694e-004	2.867654e+000	5.000000e+000
5.013925707664824e-004	2.893347e+000	5.000000e+000
5.014123758435794e-004	2.910362e+000	5.000000e+000
5.014310511163727e-004	2.924850e+000	5.000000e+000
5.014496978959770e-004	2.937986e+000	5.000000e+000
5.014666393354562e-004	2.948804e+000	5.000000e+000
5.014820186901186e-004	2.957673e+000	5.000000e+000
5.014974828904956e-004	2.965682e+000	5.000000e+000
5.015138533792690e-004	2.973107e+000	5.000000e+000
5.015385830279714e-004	2.982385e+000	5.000000e+000
5.015733877956989e-004	2.992693e+000	5.000000e+000
5.015935676768202e-004	2.997132e+000	5.000000e+000
5.016119844109819e-004	2.999953e+000	5.000000e+000
5.016305524949602e-004	3.001876e+000	5.000000e+000
5.016479918693307e-004	3.002931e+000	5.000000e+000
5.016631861707984e-004	3.003258e+000	5.000000e+000
5.016799657399993e-004	3.003031e+000	5.000000e+000
5.016959446900716e-004	3.002252e+000	5.000000e+000
5.017193801545080e-004	3.000178e+000	5.000000e+000
5.017506449897295e-004	2.996215e+000	5.000000e+000
5.017702282834554e-004	2.993001e+000	5.000000e+000
5.017900930483512e-004	2.989070e+000	5.000000e+000
5.018095375556818e-004	2.984695e+000	5.000000e+000
5.018275146694794e-004	2.980206e+000	5.000000e+000
5.018426595244659e-004	2.976081e+000	5.000000e+000
5.018591017390809e-004	2.971253e+000	5.000000e+000
5.018764559635169e-004	2.965789e+000	5.000000e+000
5.018967864712798e-004	2.958889e+000	5.000000e+000
5.019263413398527e-004	2.948117e+000	5.000000e+000
5.019488916032962e-004	2.939345e+000	5.000000e+000
5.019692386448049e-004	2.930963e+000	5.000000e+000
5.019889176243680e-004	2.922485e+000	5.000000e+000
5.020080286261504e-004	2.913925e+000	5.000000e+000
5.020284219989877e-004	2.904461e+000	5.000000e+000
5.020502654270991e-004	2.893981e+000	5.000000e+000
5.020738904669227e-004	2.882269e+000	5.000000e+000
5.021014805944757e-004	2.868112e+000	5.000000e+000
5.021401926455664e-004	2.847612e+000	5.000000e+000
5.021645487106295e-004	2.834347e+000	5.000000e+000
5.021872992849583e-004	2.821640e+000	5.000000e+000
5.022135035779485e-004	2.806697e+000	5.000000e+000
5.022421654024856e-004	2.790017e+000	5.000000e+000
5.022734127225275e-004	2.771445e+000	5.000000e+000
5.023114710863167e-004	2.748365e+000	5.000000e+000
5.023444139395695e-004	2.728020e+000	5.000000e+000
5.023737056812496e-004	2.709630e+000	5.000000e+000
5.024070923878710e-004	2.688362e+000	5.000000e+000
5.024458944617698e-004	2.663306e+000	5.000000e+000
5.024880573889319e-004	2.635691e+000	5.000000e+000
5.025483141412366e-004	2.595705e+000	5.000000e+000
5.025909952619410e-004	2.567047e+000	5.000000e+000
5.026375984959706e-004	2.535414e+000	5.000000e+000
5.026906384921939e-004	2.499066e+000	5.000000e+000
5.027656679372702e-004	2.447194e+000	5.000000e+000
5.029043269007591e-004	2.350181e+000	5.000000e+000
5.029806293706561e-004	2.296352e+000	5.000000e+000
5.030579378325497e-004	2.241570e+000	5.000000e+000
5.031584452074815e-004	2.170110e+000	5.000000e+000
5.032879071866568e-004	2.077866e+000	5.000000e+000
5.034274309261522e-004	1.978390e+000	5.000000e+000
5.035873652507786e-004	1.864535e+000	5.000000e+000
5.038138122260282e-004	1.704028e+000	5.000000e+000
5.040802540356799e-004	1.516610e+000	5.000000e+000
5.043519377418771e-004	1.328418e+000	5.000000e+000
5.048953051542713e-004	9.622988e-001	5.000000e+000
5.056058799273127e-004	5.040697e-001	5.000000e+000
5.063172786253312e-004	7.909025e-002	5.000000e+000
5.073830888721258e-004	-4.856957e-001	5.000000e+000
5.085761282958097e-004	-1.002278e+000	5.000000e+000
5.102442680763786e-004	-1.531078e+000	5.000000e+000
5.115283939629735e-004	-1.781319e+000	5.000000e+000
5.127393849022776e-004	-1.872429e+000	5.000000e+000
5.139644032320632e-004	-1.832281e+000	5.000000e+000
5.156137737324821e-004	-1.610404e+000	5.000000e+000
5.175615626454871e-004	-1.183390e+000	5.000000e+000
5.192562443332021e-004	-7.115161e-001	5.000000e+000
5.206174786046469e-004	-2.938611e-001	5.000000e+000
5.220209305329039e-004	1.372286e-001	5.000000e+000
5.234315736343300e-004	5.407151e-001	5.000000e+000
5.249435804899033e-004	9.122940e-001	5.000000e+000
5.266522377224911e-004	1.234386e+000	5.000000e+000
5.284105200162729e-004	1.444533e+000	5.000000e+000
5.300545274662855e-004	1.523026e+000	5.000000e+000
5.314357748598199e-004	1.497306e+000	5.000000e+000
5.327062103515928e-004	1.401421e+000	5.000000e+000
5.339766463662358e-004	1.244412e+000	5.000000e+000
5.354830381393083e-004	9.943486e-001	5.000000e+000
5.376260632052239e-004	5.707136e-001	5.000000e+000
5.392984915339856e-004	2.116734e-001	5.000000e+000
5.409080519499159e-004	-1.354198e-001	5.000000e+000
5.425283897974708e-004	-4.597326e-001	5.000000e+000
5.441999357387617e-004	-7.465854e-001	5.000000e+000
5.459381531425855e-004	-9.752475e-001	5.000000e+000
5.477892878482084e-004	-1.129043e+000	5.000000e+000
5.496197342136120e-004	-1.183897e+000	5.000000e+000
5.514724638647611e-004	-1.142007e+000	5.000000e+000
5.532289009786471e-004	-1.015569e+000	5.000000e+000
5.554081317217747e-004	-7.666149e-001	5.000000e+000
5.577192623167033e-004	-4.345557e-001	5.000000e+000
5.594793078217634e-004	-1.542756e-001	5.000000e+000
5.611953435864387e-004	1.210795e-001	5.000000e+000
5.629220574571448e-004	3.788781e-001	5.000000e+000
5.646824446122080e-004	6.049488e-001	5.000000e+000
5.664871031578459e-004	7.827104e-001	5.000000e+000
5.685025556262602e-004	9.075590e-001	5.000000e+000
5.704780393753555e-004	9.520944e-001	5.000000e+000
5.722739724359264e-004	9.224608e-001	5.000000e+000
5.740829076941483e-004	8.284365e-001	5.000000e+000
5.760868254919350e-004	6.626691e-001	5.000000e+000
5.787667324831946e-004	3.816357e-001	5.000000e+000
5.806325871272381e-004	1.646369e-001	5.000000e+000
5.823705455298889e-004	-3.944496e-002	5.000000e+000
5.841263139511567e-004	-2.304764e-001	5.000000e+000
5.859178151206266e-004	-3.973669e-001	5.000000e+000
5.877303718022058e-004	-5.259800e-001	5.000000e+000
5.897758117483568e-004	-6.138064e-001	5.000000e+000
5.920601918689047e-004	-6.433371e-001	5.000000e+000
5.939060392868790e-004	-6.125849e-001	5.000000e+000
5.957705043599918e-004	-5.315773e-001	5.000000e+000
5.979249774825434e-004	-3.928467e-001	5.000000e+000
6.001384049404537e-004	-2.184192e-001	5.000000e+000
6.019377440429379e-004	-6.392865e-002	5.000000e+000
6.038323297502385e-004	9.807296e-002	5.000000e+000
6.056104222019898e-004	2.378144e-001	5.000000e+000
6.074346802069364e-004	3.591864e-001	5.000000e+000
6.092443223041055e-004	4.477974e-001	5.000000e+000
6.116238031134777e-004	5.147137e-001	5.000000e+000
6.136239055535420e-004	5.272004e-001	5.000000e+000
6.154064352733300e-004	5.004361e-001	5.000000e+000
6.172101753911528e-004	4.403585e-001	5.000000e+000
6.194232351102782e-004	3.336340e-001	5.000000e+000
6.218203528767745e-004	1.938013e-001	5.000000e+000
6.236427079911512e-004	7.907846e-002	5.000000e+000
6.254087238294797e-004	-3.053285e-002	5.000000e+000
6.271879278576804e-004	-1.310715e-001	5.000000e+000
6.289927085207730e-004	-2.165082e-001	5.000000e+000
6.308182344697234e-004	-2.783904e-001	5.000000e+000
6.333523072762492e-004	-3.251725e-001	5.000000e+000
6.352223050120563e-004	-3.297161e-001	5.000000e+000
6.369850391420936e-004	-3.069122e-001	5.000000e+000
6.387619897127872e-004	-2.608852e-001	5.000000e+000
6.411561099709292e-004	-1.740852e-001	5.000000e+000
6.431565891335035e-004	-8.783235e-002	5.000000e+000
6.449235586027254e-004	-6.037395e-003	5.000000e+000
6.467290293626330e-004	7.574614e-002	5.000000e+000
6.487176552446869e-004	1.574010e-001	5.000000e+000
6.505189329199082e-004	2.186533e-001	5.000000e+000
6.523750550213932e-004	2.638660e-001	5.000000e+000
6.545375164050845e-004	2.932653e-001	5.000000e+000
6.563313312427142e-004	2.976120e-001	5.000000e+000
6.580974903564232e-004	2.829811e-001	5.000000e+000
6.598862589181743e-004	2.512690e-001	5.000000e+000
6.620934435446509e-004	1.942269e-001	5.000000e+000
6.648447477952222e-004	1.081117e-001	5.000000e+000
6.667261450435351e-004	4.493500e-002	5.000000e+000
6.684809278825129e-004	-1.263002e-002	5.000000e+000
6.702479928461917e-004	-6.447840e-002	5.000000e+000
6.721701775905215e-004	-1.106440e-001	5.000000e+000
6.739931607362407e-004	-1.406569e-001	5.000000e+000
6.765270169090489e-004	-1.607817e-001	5.000000e+000
6.784132113313313e-004	-1.593067e-001	5.000000e+000
6.803375300343620e-004	-1.419948e-001	5.000000e+000
6.821388862905248e-004	-1.137710e-001	5.000000e+000
6.844819539068978e-004	-6.518017e-002	5.000000e+000
6.863473022247897e-004	-2.085064e-002	5.000000e+000
6.881200510817565e-004	2.322173e-002	5.000000e+000
6.899081634122637e-004	6.600104e-002	5.000000e+000
6.917142888772912e-004	1.046056e-001	5.000000e+000
6.935355897247997e-004	1.362891e-001	5.000000e+000
6.954533382379847e-004	1.599959e-001	5.000000e+000
6.973017608265620e-004	1.723676e-001	5.000000e+000
6.991219372865259e-004	1.739291e-001	5.000000e+000
7.009157916479681e-004	1.655613e-001	5.000000e+000
7.027317576252894e-004	1.478996e-001	5.000000e+000
7.049264976686533e-004	1.174733e-001	5.000000e+000
7.069800036754224e-004	8.320630e-002	5.000000e+000
7.088662247717427e-004	4.919729e-002	5.000000e+000
7.107925510920279e-004	1.490914e-002	5.000000e+000
7.126004386311084e-004	-1.441178e-002	5.000000e+000
7.144486286334953e-004	-3.947888e-002	5.000000e+000
7.162615536945645e-004	-5.776454e-002	5.000000e+000
7.181106603610587e-004	-6.905026e-002	5.000000e+000
7.198813342466926e-004	-7.247532e-002	5.000000e+000
7.216582409822463e-004	-6.865469e-002	5.000000e+000
7.234623520445844e-004	-5.784335e-002	5.000000e+000
7.256398525154271e-004	-3.772970e-002	5.000000e+000
7.275334516207687e-004	-1.575391e-002	5.000000e+000
7.293177793356413e-004	7.428515e-003	5.000000e+000
7.311411589156183e-004	3.161460e-002	5.000000e+000
7.329895167412841e-004	5.476978e-002	5.000000e+000
7.349858858946531e-004	7.622975e-002	5.000000e+000
7.372978775990811e-004	9.513895e-002	5.000000e+000
7.392305410268662e-004	1.049387e-001	5.000000e+000
7.410667090040855e-004	1.081947e-001	5.000000e+000
7.428861434184146e-004	1.058182e-001	5.000000e+000
7.446909515290140e-004	9.843452e-002	5.000000e+000
7.465157825746887e-004	8.660433e-002	5.000000e+000
7.485629961344638e-004	6.961065e-002	5.000000e+000
7.506247985971991e-004	5.028274e-002	5.000000e+000
7.528938766959438e-004	2.845901e-002	5.000000e+000
7.547442333065596e-004	1.181698e-002	5.000000e+000
7.566970857120426e-004	-3.220768e-003	5.000000e+000
7.585036265413124e-004	-1.391787e-002	5.000000e+000
7.603429036717595e-004	-2.092245e-002	5.000000e+000
7.621830468549791e-004	-2.382092e-002	5.000000e+000
7.639643526287033e-004	-2.265468e-002	5.000000e+000
7.657777758537260e-004	-1.761146e-002	5.000000e+000
7.678911308047622e-004	-7.885678e-003	5.000000e+000
7.698198028905686e-004	3.669442e-003	5.000000e+000
7.717848388851335e-004	1.712904e-002	5.000000e+000
7.737461953288502e-004	3.096387e-002	5.000000e+000
7.759589611211608e-004	4.546029e-002	5.000000e+000
7.786284801770523e-004	5.952458e-002	5.000000e+000
7.815581676770523e-004	6.949695e-002	5.000000e+000
7.839044227587191e-004	7.259814e-002	5.000000e+000
7.856907583585936e-004	7.146483e-002	5.000000e+000
7.874622959004961e-004	6.753578e-002	5.000000e+000
7.892411914020915e-004	6.128445e-002	5.000000e+000
7.916699063390228e-004	5.031056e-002	5.000000e+000
7.945425986036905e-004	3.588459e-002	5.000000e+000
7.971182344897816e-004	2.316852e-002	5.000000e+000
7.992067293145333e-004	1.415865e-002	5.000000e+000
8.010247538415008e-004	8.133411e-003	5.000000e+000
8.030626596429732e-004	3.766025e-003	5.000000e+000
8.049643089447458e-004	2.042854e-003	5.000000e+000
8.067527783621756e-004	2.637771e-003	5.000000e+000
8.085619024650897e-004	5.345127e-003	5.000000e+000
8.107794941298299e-004	1.090841e-002	5.000000e+000
8.130514494690784e-004	1.836915e-002	5.000000e+000
8.158292608740839e-004	2.858350e-002	5.000000e+000
8.187516793997427e-004	3.888933e-002	5.000000e+000
8.216813668997427e-004	4.716904e-002	5.000000e+000
8.246110543997427e-004	5.229246e-002	5.000000e+000
8.270663388466692e-004	5.373271e-002	5.000000e+000
8.288644513661017e-004	5.288498e-002	5.000000e+000
8.306273250753670e-004	5.056233e-002	5.000000e+000
8.324010287877402e-004	4.705487e-002	5.000000e+000
8.346429725635640e-004	4.150582e-002	5.000000e+000
8.374644198751970e-004	3.387713e-002	5.000000e+000
8.403941073751970e-004	2.636028e-002	5.000000e+000
8.433237948751970e-004	2.030308e-002	5.000000e+000
8.457682470136544e-004	1.698477e-002	5.000000e+000
8.476243041757017e-004	1.590074e-002	5.000000e+000
8.495448608435476e-004	1.614338e-002	5.000000e+000
8.513675952088563e-004	1.758393e-002	5.000000e+000
8.540219099953444e-004	2.126860e-002	5.000000e+000
8.568589209583065e-004	2.640244e-002	5.000000e+000
8.597886084583065e-004	3.218068e-002	5.000000e+000
8.627182959583065e-004	3.744214e-002	5.000000e+000
8.656479834583065e-004	4.131920e-002	5.000000e+000
8.685776709583065e-004	4.333233e-002	5.000000e+000
8.710432148971021e-004	4.344730e-002	5.000000e+000
8.728514134784005e-004	4.253285e-002	5.000000e+000
8.746200152972972e-004	4.089915e-002	5.000000e+000
8.763959865834906e-004	3.872950e-002	5.000000e+000
8.784415379801679e-004	3.582961e-002	5.000000e+000
8.812520804032717e-004	3.171360e-002	5.000000e+000
8.841817679032717e-004	2.785707e-002	5.000000e+000
8.871114554032717e-004	2.490026e-002	5.000000e+000
8.891598133413689e-004	2.367027e-002	5.000000e+000
8.912688503282432e-004	2.329673e-002	5.000000e+000
8.932701821197994e-004	2.375892e-002	5.000000e+000
8.960221824193841e-004	2.544542e-002	5.000000e+000
8.989425075274729e-004	2.808219e-002	5.000000e+000
9.018721950274729e-004	3.116598e-002	5.000000e+000
9.048018825274729e-004	3.413332e-002	5.000000e+000
9.077315700274729e-004	3.647701e-002	5.000000e+000
9.106612575274729e-004	3.783865e-002	5.000000e+000
9.135909450274729e-004	3.809560e-002	5.000000e+000
9.161134440041210e-004	3.745292e-002	5.000000e+000
9.181538545487706e-004	3.639508e-002	5.000000e+000
9.199563840936091e-004	3.514890e-002	5.000000e+000
9.218918044868960e-004	3.363057e-002	5.000000e+000
9.237615664639935e-004	3.212304e-002	5.000000e+000
9.260503030989242e-004	3.039085e-002	5.000000e+000
9.283721812877288e-004	2.892169e-002	5.000000e+000
9.307400630557249e-004	2.786360e-002	5.000000e+000
9.330073628100194e-004	2.738451e-002	5.000000e+000
9.357790757979801e-004	2.751042e-002	5.000000e+000
9.387008309374418e-004	2.834246e-002	5.000000e+000
9.416305184374418e-004	2.972250e-002	5.000000e+000
9.445602059374418e-004	3.137452e-002	5.000000e+000
9.474898934374418e-004	3.298922e-002	5.000000e+000
9.504195809374418e-004	3.428819e-002	5.000000e+000
9.533492684374418e-004	3.507041e-002	5.000000e+000
9.562789559374418e-004	3.524105e-002	5.000000e+000
9.592086434374418e-004	3.481943e-002	5.000000e+000
9.621383309374418e-004	3.392658e-002	5.000000e+000
9.650680184374418e-004	3.275591e-002	5.000000e+000
9.679977059374418e-004	3.153373e-002	5.000000e+000
9.709273934374418e-004	3.047716e-002	5.000000e+000
9.738570809374418e-004	2.975703e-002	5.000000e+000
9.767867684374418e-004	2.947184e-002	5.000000e+000
9.797164559374417e-004	2.963638e-002	5.000000e+000
9.826461434374416e-004	3.018587e-002	5.000000e+000
9.855758309374415e-004	3.099368e-002	5.000000e+000
9.885055184374414e-004	3.189828e-002	5.000000e+000
9.914352059374413e-004	3.273427e-002	5.000000e+000
9.943648934374412e-004	3.336147e-002	5.000000e+000
9.972945809374411e-004	3.377179e-002	5.000000e+000
9.973945809374411e-004	3.377979e-002	5.000000e+000
9.979945809374415e-004	3.379897e-002	5.000000e+000
9.988945809374420e-004	3.380717e-002	5.000000e+000
1.000100054589471e-003	3.376185e-002	4.994541e+000
1.000100163768413e-003	3.376184e-002	4.983623e+000
1.000100382126297e-003	3.376183e-002	4.961787e+000
1.000100665084585e-003	3.376181e-002	4.933492e+000
1.000101231001162e-003	3.376178e-002	4.876900e+000
1.000102362834315e-003	3.376171e-002	4.763717e+000
1.000103916545834e-003	3.376161e-002	4.608346e+000
1.000105917883477e-003	3.376148e-002	4.408212e+000
1.000108117376226e-003	3.376133e-002	4.188262e+000
1.000110435522953e-003	3.376114e-002	3.956448e+000
1.000113025088520e-003	3.376086e-002	3.697491e+000
1.000117339036381e-003	3.375990e-002	3.266096e+000
1.000125966932101e-003	3.375504e-002	2.403307e+000
1.000137236109042e-003	3.373924e-002	1.276389e+000
1.000148363656648e-003	3.370304e-002	1.636343e-001
1.000160521145877e-003	3.361506e-002	-1.052115e+000
1.000176271103730e-003	3.343286e-002	-2.627110e+000
1.000177015135893e-003	3.342104e-002	-2.701514e+000
1.000178503200217e-003	3.339220e-002	-2.850320e+000
1.000181479328866e-003	3.332711e-002	-3.147933e+000
1.000188095485404e-003	3.316351e-002	-3.809549e+000
1.000192078880839e-003	3.303865e-002	-4.207888e+000
1.000193210469290e-003	3.300115e-002	-4.321047e+000
1.000194342057742e-003	3.296181e-002	-4.434206e+000
1.000195473646194e-003	3.292063e-002	-4.547364e+000
1.000196605234645e-003	3.287759e-002	-4.660523e+000
1.000197736823097e-003	3.283270e-002	-4.773682e+000
1.000198868411548e-003	3.278597e-002	-4.886841e+000
1.000200000000000e-003	3.273739e-002	-5.000000e+000
1.000204498608430e-003	3.252603e-002	-5.000000e+000
1.000208997216859e-003	3.226226e-002	-5.000000e+000
1.000213495825288e-003	3.194608e-002	-5.000000e+000
1.000217994433718e-003	3.157750e-002	-5.000000e+000
1.000222493042147e-003	3.115650e-002	-5.000000e+000
1.000226991650577e-003	3.068309e-002	-5.000000e+000
1.000231490259006e-003	3.015727e-002	-5.000000e+000
1.000256095551430e-003	2.604869e-002	-5.000000e+000
1.000288652082643e-003	1.708749e-002	-5.000000e+000
1.000322175890839e-003	2.508951e-003	-5.000000e+000
1.000356879655397e-003	-1.965563e-002	-5.000000e+000
1.000390406472774e-003	-4.963000e-002	-5.000000e+000
1.000436044165990e-003	-1.061107e-001	-5.000000e+000
1.000509009795898e-003	-2.270830e-001	-5.000000e+000
1.000589359979317e-003	-4.015441e-001	-5.000000e+000
1.000709733091264e-003	-7.262331e-001	-5.000000e+000
1.000830896607650e-003	-1.101501e+000	-5.000000e+000
1.000885991334777e-003	-1.287226e+000	-5.000000e+000
1.000919700735512e-003	-1.405864e+000	-5.000000e+000
1.000939892849581e-003	-1.478213e+000	-5.000000e+000
1.000960866578100e-003	-1.554207e+000	-5.000000e+000
1.000983071349589e-003	-1.635270e+000	-5.000000e+000
1.000995924386594e-003	-1.682459e+000	-5.000000e+000
1.001007575027330e-003	-1.725400e+000	-5.000000e+000
1.001019197872303e-003	-1.768332e+000	-5.000000e+000
1.001032787398864e-003	-1.818563e+000	-5.000000e+000
1.001053956554823e-003	-1.896540e+000	-5.000000e+000
1.001088179641265e-003	-2.021368e+000	-5.000000e+000
1.001113691364418e-003	-2.112640e+000	-5.000000e+000
1.001136147140613e-003	-2.190698e+000	-5.000000e+000
1.001155913665067e-003	-2.257108e+000	-5.000000e+000
1.001172775412411e-003	-2.311685e+000	-5.000000e+000
1.001187211349716e-003	-2.356577e+000	-5.000000e+000
1.001202281515413e-003	-2.401487e+000	-5.000000e+000
1.001217373784258e-003	-2.444268e+000	-5.000000e+000
1.001237112901788e-003	-2.496603e+000	-5.000000e+000
1.001265100287944e-003	-2.565048e+000	-5.000000e+000
1.001288533145933e-003	-2.617319e+000	-5.000000e+000
1.001308560059939e-003	-2.657870e+000	-5.000000e+000
1.001327697203814e-003	-2.693318e+000	-5.000000e+000
1.001346034722554e-003	-2.724611e+000	-5.000000e+000
1.001362411190495e-003	-2.750507e+000	-5.000000e+000
1.001377447635139e-003	-2.772656e+000	-5.000000e+000
1.001392577198837e-003	-2.793497e+000	-5.000000e+000
1.001408577835666e-003	-2.813972e+000	-5.000000e+000
1.001432880033030e-003	-2.842356e+000	-5.000000e+000
1.001466308828138e-003	-2.877808e+000	-5.000000e+000
1.001484503573387e-003	-2.895201e+000	-5.000000e+000
1.001504304313648e-003	-2.912259e+000	-5.000000e+000
1.001523562561170e-003	-2.927410e+000	-5.000000e+000
1.001540910996910e-003	-2.939839e+000	-5.000000e+000
1.001555822632323e-003	-2.949529e+000	-5.000000e+000
1.001572742344716e-003	-2.959469e+000	-5.000000e+000
1.001588413325458e-003	-2.967639e+000	-5.000000e+000
1.001611187501981e-003	-2.977742e+000	-5.000000e+000
1.001640973308491e-003	-2.988633e+000	-5.000000e+000
1.001661406130191e-003	-2.994525e+000	-5.000000e+000
1.001681013463696e-003	-2.998811e+000	-5.000000e+000
1.001700116641645e-003	-3.001922e+000	-5.000000e+000
1.001718066249725e-003	-3.003976e+000	-5.000000e+000
1.001733433226259e-003	-3.005084e+000	-5.000000e+000
1.001748762569307e-003	-3.005622e+000	-5.000000e+000
1.001764129410243e-003	-3.005626e+000	-5.000000e+000
1.001782919364360e-003	-3.004924e+000	-5.000000e+000
1.001809676753974e-003	-3.002805e+000	-5.000000e+000
1.001840477078640e-003	-2.999092e+000	-5.000000e+000
1.001861430534960e-003	-2.995757e+000	-5.000000e+000
1.001879604554684e-003	-2.992264e+000	-5.000000e+000
1.001897261106721e-003	-2.988408e+000	-5.000000e+000
1.001913108996907e-003	-2.984576e+000	-5.000000e+000
1.001928411604583e-003	-2.980543e+000	-5.000000e+000
1.001944170464049e-003	-2.976055e+000	-5.000000e+000
1.001961770031258e-003	-2.970628e+000	-5.000000e+000
1.001987955775275e-003	-2.961786e+000	-5.000000e+000
1.002026450949715e-003	-2.947631e+000	-5.000000e+000
1.002050574370987e-003	-2.938076e+000	-5.000000e+000
1.002069038969204e-003	-2.930315e+000	-5.000000e+000
1.002086378437422e-003	-2.922721e+000	-5.000000e+000
1.002105180780245e-003	-2.914193e+000	-5.000000e+000
1.002125511693069e-003	-2.904664e+000	-5.000000e+000
1.002147691817792e-003	-2.893923e+000	-5.000000e+000
1.002173605720681e-003	-2.880928e+000	-5.000000e+000
1.002210401907627e-003	-2.861874e+000	-5.000000e+000
1.002233597789435e-003	-2.849513e+000	-5.000000e+000
1.002254601165410e-003	-2.838029e+000	-5.000000e+000
1.002278201572731e-003	-2.824853e+000	-5.000000e+000
1.002304246977467e-003	-2.810014e+000	-5.000000e+000
1.002331751972021e-003	-2.794015e+000	-5.000000e+000
1.002364112932080e-003	-2.774760e+000	-5.000000e+000
1.002410271063546e-003	-2.746708e+000	-5.000000e+000
1.002441456217191e-003	-2.727391e+000	-5.000000e+000
1.002470817634771e-003	-2.708886e+000	-5.000000e+000
1.002506607434471e-003	-2.686016e+000	-5.000000e+000
1.002542232264291e-003	-2.662935e+000	-5.000000e+000
1.002592792871285e-003	-2.629765e+000	-5.000000e+000
1.002625815421429e-003	-2.607859e+000	-5.000000e+000
1.002661592312867e-003	-2.583874e+000	-5.000000e+000
1.002709969385192e-003	-2.551144e+000	-5.000000e+000
1.002757721438920e-003	-2.518524e+000	-5.000000e+000
1.002829333684871e-003	-2.469154e+000	-5.000000e+000
1.002886448055993e-003	-2.429459e+000	-5.000000e+000
1.002953727412865e-003	-2.382364e+000	-5.000000e+000
1.003022346476351e-003	-2.334070e+000	-5.000000e+000
1.003087523417153e-003	-2.287982e+000	-5.000000e+000
1.003177774248895e-003	-2.223918e+000	-5.000000e+000
1.003271159142419e-003	-2.157441e+000	-5.000000e+000
1.003369041633577e-003	-2.087632e+000	-5.000000e+000
1.003486281059648e-003	-2.003966e+000	-5.000000e+000
1.003617595028615e-003	-1.910325e+000	-5.000000e+000
1.003772286284195e-003	-1.800283e+000	-5.000000e+000
1.003967646277518e-003	-1.661943e+000	-5.000000e+000
1.004180711857015e-003	-1.512494e+000	-5.000000e+000
1.004606843016010e-003	-1.218217e+000	-5.000000e+000
1.005038653279056e-003	-9.274142e-001	-5.000000e+000
1.005572195251798e-003	-5.830864e-001	-5.000000e+000
1.006346481276507e-003	-1.174712e-001	-5.000000e+000
1.007404632188427e-003	4.398962e-001	-5.000000e+000
1.009037053070022e-003	1.128524e+000	-5.000000e+000
1.010601564573664e-003	1.596691e+000	-5.000000e+000
1.011841046154413e-003	1.806053e+000	-5.000000e+000
1.013146689574790e-003	1.874043e+000	-5.000000e+000
1.014366028585457e-003	1.805422e+000	-5.000000e+000
1.016178096364695e-003	1.520325e+000	-5.000000e+000
1.018146582362600e-003	1.055195e+000	-5.000000e+000
1.019751528457073e-003	5.915009e-001	-5.000000e+000
1.021119762140278e-003	1.680925e-001	-5.000000e+000
1.022532973286115e-003	-2.602591e-001	-5.000000e+000
1.023967185662250e-003	-6.568489e-001	-5.000000e+000
1.025494939879847e-003	-1.011767e+000	-5.000000e+000
1.027121869626473e-003	-1.291603e+000	-5.000000e+000
1.028911399980432e-003	-1.474081e+000	-5.000000e+000
1.030526652085393e-003	-1.524959e+000	-5.000000e+000
1.031833699580256e-003	-1.481077e+000	-5.000000e+000
1.033125076522006e-003	-1.366990e+000	-5.000000e+000
1.034417285319217e-003	-1.192350e+000	-5.000000e+000
1.036103260378439e-003	-8.956934e-001	-5.000000e+000
1.038343925497018e-003	-4.381201e-001	-5.000000e+000
1.040041327344875e-003	-7.133983e-002	-5.000000e+000
1.041766545707463e-003	2.911735e-001	-5.000000e+000
1.043496317658298e-003	6.159340e-001	-5.000000e+000
1.045192540370298e-003	8.704806e-001	-5.000000e+000
1.047337061247319e-003	1.089636e+000	-5.000000e+000
1.049198555665326e-003	1.178403e+000	-5.000000e+000
1.051090766253373e-003	1.163391e+000	-5.000000e+000
1.052828799231133e-003	1.061707e+000	-5.000000e+000
1.054803516196573e-003	8.565199e-001	-5.000000e+000
1.057350747572238e-003	5.070875e-001	-5.000000e+000
1.059162578191905e-003	2.235326e-001	-5.000000e+000
1.060861443187760e-003	-5.124810e-002	-5.000000e+000
1.062581139745580e-003	-3.143874e-001	-5.000000e+000
1.064422775464509e-003	-5.614998e-001	-5.000000e+000
1.066198075135094e-003	-7.460673e-001	-5.000000e+000
1.068550454439928e-003	-8.994984e-001	-5.000000e+000
1.070752579904025e-003	-9.507714e-001	-5.000000e+000
1.072559452287399e-003	-9.171666e-001	-5.000000e+000
1.074380226922031e-003	-8.167682e-001	-5.000000e+000
1.076433577798673e-003	-6.413383e-001	-5.000000e+000
1.079157876352309e-003	-3.506083e-001	-5.000000e+000
1.081030653930051e-003	-1.315633e-001	-5.000000e+000
1.082771954567013e-003	7.169603e-002	-5.000000e+000
1.084525882946684e-003	2.592372e-001	-5.000000e+000
1.086312547356581e-003	4.205702e-001	-5.000000e+000
1.088127864276315e-003	5.430440e-001	-5.000000e+000
1.090143981234314e-003	6.221862e-001	-5.000000e+000
1.092390242229114e-003	6.432154e-001	-5.000000e+000
1.094237174326438e-003	6.066582e-001	-5.000000e+000
1.096098489969345e-003	5.206763e-001	-5.000000e+000
1.098343139703309e-003	3.713278e-001	-5.000000e+000
1.100491526945403e-003	1.991913e-001	-5.000000e+000
1.102278939397190e-003	4.478174e-002	-5.000000e+000
1.104110955663064e-003	-1.112716e-001	-5.000000e+000
1.105919713296478e-003	-2.518185e-001	-5.000000e+000
1.107733059102235e-003	-3.699729e-001	-5.000000e+000
1.109555251924349e-003	-4.555886e-001	-5.000000e+000
1.112001932668173e-003	-5.189888e-001	-5.000000e+000
1.113935075199868e-003	-5.266929e-001	-5.000000e+000
1.115707722201179e-003	-4.963855e-001	-5.000000e+000
1.117497780577452e-003	-4.337107e-001	-5.000000e+000
1.119798356954706e-003	-3.198163e-001	-5.000000e+000
1.122126190855174e-003	-1.822842e-001	-5.000000e+000
1.123936668959437e-003	-6.786586e-002	-5.000000e+000
1.125709734428042e-003	4.164680e-002	-5.000000e+000
1.127492155637467e-003	1.410933e-001	-5.000000e+000
1.129299668429701e-003	2.247308e-001	-5.000000e+000
1.131126687720766e-003	2.839281e-001	-5.000000e+000
1.133740729577744e-003	3.273483e-001	-5.000000e+000
1.135633048517058e-003	3.280582e-001	-5.000000e+000
1.137399850662434e-003	3.015077e-001	-5.000000e+000
1.139174977679427e-003	2.521617e-001	-5.000000e+000
1.141689555074683e-003	1.573809e-001	-5.000000e+000
1.143619164092393e-003	7.259937e-002	-5.000000e+000
1.145377500096829e-003	-9.148563e-003	-5.000000e+000
1.147166004722405e-003	-8.949172e-002	-5.000000e+000
1.149073975560644e-003	-1.663080e-001	-5.000000e+000
1.150881402483102e-003	-2.258300e-001	-5.000000e+000
1.152728590684875e-003	-2.682000e-001	-5.000000e+000
1.155014914742045e-003	-2.952422e-001	-5.000000e+000
1.156841854398592e-003	-2.960469e-001	-5.000000e+000
1.158614047316684e-003	-2.777182e-001	-5.000000e+000
1.160400449732111e-003	-2.426370e-001	-5.000000e+000
1.162773215859306e-003	-1.781462e-001	-5.000000e+000
1.165133695015890e-003	-1.026249e-001	-5.000000e+000
1.166947360666891e-003	-4.125699e-002	-5.000000e+000
1.168710374576922e-003	1.637167e-002	-5.000000e+000
1.170493661406861e-003	6.831378e-002	-5.000000e+000
1.172357623066049e-003	1.125339e-001	-5.000000e+000
1.174186254582400e-003	1.425273e-001	-5.000000e+000
1.176471951842783e-003	1.612795e-001	-5.000000e+000
1.178308943482962e-003	1.608317e-001	-5.000000e+000
1.180219525670655e-003	1.451459e-001	-5.000000e+000
1.182001570242117e-003	1.182052e-001	-5.000000e+000
1.184623771567207e-003	6.450952e-002	-5.000000e+000
1.186544915142403e-003	1.901477e-002	-5.000000e+000
1.188312588298290e-003	-2.496328e-002	-5.000000e+000
1.190095047000299e-003	-6.753993e-002	-5.000000e+000
1.191895178118025e-003	-1.058455e-001	-5.000000e+000
1.193715910053571e-003	-1.373106e-001	-5.000000e+000
1.195599457380477e-003	-1.603642e-001	-5.000000e+000
1.197450112558314e-003	-1.725574e-001	-5.000000e+000
1.199254589937703e-003	-1.739693e-001	-5.000000e+000
1.201046050893767e-003	-1.654963e-001	-5.000000e+000
1.202859496134796e-003	-1.477632e-001	-5.000000e+000
1.205061970387633e-003	-1.171224e-001	-5.000000e+000
1.207115553255999e-003	-8.277125e-002	-5.000000e+000
1.209000593367786e-003	-4.872803e-002	-5.000000e+000
1.210925817637774e-003	-1.443138e-002	-5.000000e+000
1.212733693187449e-003	1.488994e-002	-5.000000e+000
1.214581988504846e-003	3.993439e-002	-5.000000e+000
1.216395158570868e-003	5.816575e-002	-5.000000e+000
1.218255613663987e-003	6.944097e-002	-5.000000e+000
1.220018556283848e-003	7.276165e-002	-5.000000e+000
1.221794127671671e-003	6.884794e-002	-5.000000e+000
1.223596297690182e-003	5.795535e-002	-5.000000e+000
1.225785785598309e-003	3.762320e-002	-5.000000e+000
1.227679986655872e-003	1.556163e-002	-5.000000e+000
1.229463276582131e-003	-7.662382e-003	-5.000000e+000
1.231285214438771e-003	-3.185697e-002	-5.000000e+000
1.233132468871004e-003	-5.499458e-002	-5.000000e+000
1.235134307682109e-003	-7.648479e-002	-5.000000e+000
1.237432940026156e-003	-9.524389e-002	-5.000000e+000
1.239348929875260e-003	-1.049254e-001	-5.000000e+000
1.241185931454673e-003	-1.081598e-001	-5.000000e+000
1.243006669561327e-003	-1.057617e-001	-5.000000e+000
1.244812745886511e-003	-9.834581e-002	-5.000000e+000
1.246637645756816e-003	-8.648400e-002	-5.000000e+000
1.248684222065884e-003	-6.946041e-002	-5.000000e+000
1.250745359835250e-003	-5.010672e-002	-5.000000e+000
1.253013843970962e-003	-2.825949e-002	-5.000000e+000
1.254864421245774e-003	-1.159343e-002	-5.000000e+000
1.256805967981020e-003	3.378802e-003	-5.000000e+000
1.258612703881554e-003	1.409648e-002	-5.000000e+000
1.260453322805770e-003	2.112440e-002	-5.000000e+000
1.262294878450566e-003	2.403614e-002	-5.000000e+000
1.264076388719834e-003	2.287302e-002	-5.000000e+000
1.265889907443218e-003	1.782517e-002	-5.000000e+000
1.268005348613224e-003	8.077690e-003	-5.000000e+000
1.269933716129896e-003	-3.491455e-003	-5.000000e+000
1.271899206832231e-003	-1.697348e-002	-5.000000e+000
1.273860480264901e-003	-3.082940e-002	-5.000000e+000
1.276061401396192e-003	-4.527578e-002	-5.000000e+000
1.278728040047716e-003	-5.936333e-002	-5.000000e+000
1.281657727547716e-003	-6.937712e-002	-5.000000e+000
1.284010753770720e-003	-7.251319e-002	-5.000000e+000
1.285797788751440e-003	-7.139120e-002	-5.000000e+000
1.287568638789099e-003	-6.746741e-002	-5.000000e+000
1.289347115113064e-003	-6.121714e-002	-5.000000e+000
1.291768548386544e-003	-5.026902e-002	-5.000000e+000
1.294638122131223e-003	-3.583930e-002	-5.000000e+000
1.297209800962928e-003	-2.311345e-002	-5.000000e+000
1.299292398225045e-003	-1.409581e-002	-5.000000e+000
1.301110080038576e-003	-8.033085e-003	-5.000000e+000
1.303135000694592e-003	-3.643200e-003	-5.000000e+000
1.305035701528368e-003	-1.870993e-003	-5.000000e+000
1.306823832328699e-003	-2.419775e-003	-5.000000e+000
1.308633472283804e-003	-5.091121e-003	-5.000000e+000
1.310858236827795e-003	-1.063788e-002	-5.000000e+000
1.313100139691832e-003	-1.798169e-002	-5.000000e+000
1.315875069107525e-003	-2.819657e-002	-5.000000e+000
1.318772260821302e-003	-3.846448e-002	-5.000000e+000
1.321701948321302e-003	-4.683929e-002	-5.000000e+000
1.324631635821301e-003	-5.207493e-002	-5.000000e+000
1.327118544288853e-003	-5.362374e-002	-5.000000e+000
1.328919987058137e-003	-5.282817e-002	-5.000000e+000
1.330680152029803e-003	-5.054673e-002	-5.000000e+000
1.332452012300573e-003	-4.707293e-002	-5.000000e+000
1.334657970078612e-003	-4.163473e-002	-5.000000e+000
1.337462629757840e-003	-3.404575e-002	-5.000000e+000
1.340392317257840e-003	-2.648034e-002	-5.000000e+000
1.343322004757840e-003	-2.034434e-002	-5.000000e+000
1.345806317548515e-003	-1.689625e-002	-5.000000e+000
1.347671766764917e-003	-1.575568e-002	-5.000000e+000
1.349602763387452e-003	-1.595641e-002	-5.000000e+000
1.351407525541293e-003	-1.734942e-002	-5.000000e+000
1.354060851457791e-003	-2.099682e-002	-5.000000e+000
1.356878719159415e-003	-2.607689e-002	-5.000000e+000
1.359808406659415e-003	-3.186505e-002	-5.000000e+000
1.362738094159415e-003	-3.716451e-002	-5.000000e+000
1.365667781659415e-003	-4.110061e-002	-5.000000e+000
1.368597469159415e-003	-4.317626e-002	-5.000000e+000
1.371094863567664e-003	-4.333669e-002	-5.000000e+000
1.372929100299113e-003	-4.243132e-002	-5.000000e+000
1.374697696147995e-003	-4.080890e-002	-5.000000e+000
1.376474123207793e-003	-3.864477e-002	-5.000000e+000
1.378479158737467e-003	-3.580394e-002	-5.000000e+000
1.381274143189077e-003	-3.170001e-002	-5.000000e+000
1.384203830689077e-003	-2.781586e-002	-5.000000e+000
1.387133518189077e-003	-2.481773e-002	-5.000000e+000
1.389187271831772e-003	-2.355179e-002	-5.000000e+000
1.391303617228423e-003	-2.314299e-002	-5.000000e+000
1.393293758417541e-003	-2.357422e-002	-5.000000e+000
1.396043184690342e-003	-2.522833e-002	-5.000000e+000
1.398949258371456e-003	-2.783287e-002	-5.000000e+000
1.401878945871456e-003	-3.091593e-002	-5.000000e+000
1.404808633371456e-003	-3.390106e-002	-5.000000e+000
1.407738320871456e-003	-3.627729e-002	-5.000000e+000
1.410668008371456e-003	-3.767939e-002	-5.000000e+000
1.413597695871456e-003	-3.797423e-002	-5.000000e+000
1.416154637260619e-003	-3.734716e-002	-5.000000e+000
1.418225246741305e-003	-3.628549e-002	-5.000000e+000
1.420026356664816e-003	-3.504362e-002	-5.000000e+000
1.422011062459767e-003	-3.348599e-002	-5.000000e+000
1.423876740287330e-003	-3.197812e-002	-5.000000e+000
1.426057456965583e-003	-3.031838e-002	-5.000000e+000
1.428359589292758e-003	-2.884299e-002	-5.000000e+000
1.430705731878599e-003	-2.776636e-002	-5.000000e+000
1.432981776570059e-003	-2.725369e-002	-5.000000e+000
1.435742000429783e-003	-2.734146e-002	-5.000000e+000
1.438665087439102e-003	-2.814233e-002	-5.000000e+000
1.441594774939101e-003	-2.950318e-002	-5.000000e+000
1.444524462439101e-003	-3.115158e-002	-5.000000e+000
1.447454149939101e-003	-3.277753e-002	-5.000000e+000
1.450383837439101e-003	-3.409947e-002	-5.000000e+000
1.453313524939101e-003	-3.491142e-002	-5.000000e+000
1.456243212439101e-003	-3.511281e-002	-5.000000e+000
1.459172899939101e-003	-3.471755e-002	-5.000000e+000
1.462102587439101e-003	-3.384240e-002	-5.000000e+000
1.465032274939101e-003	-3.267838e-002	-5.000000e+000
1.467961962439101e-003	-3.145155e-002	-5.000000e+000
1.470891649939100e-003	-3.038073e-002	-5.000000e+000
1.473821337439100e-003	-2.964004e-002	-5.000000e+000
1.476751024939100e-003	-2.933205e-002	-5.000000e+000
1.479680712439100e-003	-2.947572e-002	-5.000000e+000
1.482610399939100e-003	-3.000976e-002	-5.000000e+000
1.485540087439100e-003	-3.080977e-002	-5.000000e+000
1.488469774939100e-003	-3.171499e-002	-5.000000e+000
1.491399462439100e-003	-3.255922e-002	-5.000000e+000
1.494329149939100e-003	-3.320022e-002	-5.000000e+000
1.497258837439099e-003	-3.362719e-002	-5.000000e+000
1.497358837439100e-003	-3.363579e-002	-5.000000e+000
1.497958837439100e-003	-3.365859e-002	-5.000000e+000
1.498858837439100e-003	-3.367215e-002	-5.000000e+000
1.500000000000000e-003	-3.363718e-002	-5.000000e+000
1.500000103347532e-003	-3.363717e-002	-4.989665e+000
1.500000310042595e-003	-3.363716e-002	-4.968996e+000
1.500000592296089e-003	-3.363715e-002	-4.940771e+000
1.500000899833954e-003	-3.363713e-002	-4.910017e+000
1.500001514909686e-003	-3.363710e-002	-4.848509e+000
1.500002745061150e-003	-3.363703e-002	-4.725494e+000
1.500004415848092e-003	-3.363694e-002	-4.558415e+000
1.500006517060763e-003	-3.363682e-002	-4.348294e+000
1.500008794280537e-003	-3.363667e-002	-4.120572e+000
1.500011144952211e-003	-3.363648e-002	-3.885505e+000
1.500014015985729e-003	-3.363613e-002	-3.598401e+000
1.500019404064503e-003	-3.363447e-002	-3.059593e+000
1.500030180222052e-003	-3.362604e-002	-1.981978e+000
1.500040615529433e-003	-3.360557e-002	-9.384471e-001
1.500052597701818e-003	-3.355381e-002	2.597702e-001
1.500064251512587e-003	-3.344782e-002	1.425151e+000
1.500079666483253e-003	-3.315393e-002	2.966648e+000
1.500100000000000e-003	-3.255305e-002	5.000000e+000
1.500102033351675e-003	-3.245186e-002	5.000000e+000
1.500106100055024e-003	-3.222783e-002	5.000000e+000
1.500114233461723e-003	-3.167012e-002	5.000000e+000
1.500128151463906e-003	-3.027840e-002	5.000000e+000
1.500153330429787e-003	-2.624582e-002	5.000000e+000
1.500183376131148e-003	-1.831103e-002	5.000000e+000
1.500217591876068e-003	-3.982384e-003	5.000000e+000
1.500251709042179e-003	1.704053e-002	5.000000e+000
1.500284654890484e-003	4.550087e-002	5.000000e+000
1.500327807674287e-003	9.720045e-002	5.000000e+000
1.500400197737045e-003	2.134008e-001	5.000000e+000
1.500477077278562e-003	3.751255e-001	5.000000e+000
1.500594319554110e-003	6.819643e-001	5.000000e+000
1.500711585296572e-003	1.035130e+000	5.000000e+000
1.500775674687378e-003	1.245636e+000	5.000000e+000
1.500813593936595e-003	1.375801e+000	5.000000e+000
1.500836044259182e-003	1.454331e+000	5.000000e+000
1.500853748395723e-003	1.516950e+000	5.000000e+000
1.500879806233965e-003	1.609824e+000	5.000000e+000
1.500898331670210e-003	1.676228e+000	5.000000e+000
1.500910235751277e-003	1.719082e+000	5.000000e+000
1.500922330060342e-003	1.762727e+000	5.000000e+000
1.500934410462833e-003	1.806370e+000	5.000000e+000
1.500948532040313e-003	1.857359e+000	5.000000e+000
1.500970612119335e-003	1.936613e+000	5.000000e+000
1.501008188663647e-003	2.069620e+000	5.000000e+000
1.501037245711597e-003	2.169929e+000	5.000000e+000
1.501060317371673e-003	2.246821e+000	5.000000e+000
1.501079221492416e-003	2.307413e+000	5.000000e+000
1.501095180769530e-003	2.356531e+000	5.000000e+000
1.501110035375308e-003	2.400343e+000	5.000000e+000
1.501125470567999e-003	2.443827e+000	5.000000e+000
1.501141362471238e-003	2.486102e+000	5.000000e+000
1.501165140187993e-003	2.544480e+000	5.000000e+000
1.501199161144146e-003	2.620758e+000	5.000000e+000
1.501218231044802e-003	2.659392e+000	5.000000e+000
1.501238161405841e-003	2.695849e+000	5.000000e+000
1.501257680825768e-003	2.728647e+000	5.000000e+000
1.501275310212702e-003	2.755968e+000	5.000000e+000
1.501290272325230e-003	2.777469e+000	5.000000e+000
1.501305958353734e-003	2.798481e+000	5.000000e+000
1.501321656784287e-003	2.818034e+000	5.000000e+000
1.501342943991456e-003	2.842345e+000	5.000000e+000
1.501372245004520e-003	2.872788e+000	5.000000e+000
1.501394358484804e-003	2.893535e+000	5.000000e+000
1.501414421774992e-003	2.910486e+000	5.000000e+000
1.501433822953959e-003	2.925348e+000	5.000000e+000
1.501452486852284e-003	2.938311e+000	5.000000e+000
1.501468948225974e-003	2.948658e+000	5.000000e+000
1.501484398845363e-003	2.957422e+000	5.000000e+000
1.501499909562882e-003	2.965309e+000	5.000000e+000
1.501516773011276e-003	2.972777e+000	5.000000e+000
1.501542786740413e-003	2.982163e+000	5.000000e+000
1.501580828977903e-003	2.992654e+000	5.000000e+000
1.501604921740805e-003	2.997345e+000	5.000000e+000
1.501623480691340e-003	2.999673e+000	5.000000e+000
1.501640902739312e-003	3.001009e+000	5.000000e+000
1.501656754395312e-003	3.001590e+000	5.000000e+000
1.501672376012441e-003	3.001607e+000	5.000000e+000
1.501688042559042e-003	3.001097e+000	5.000000e+000
1.501706549581154e-003	2.999822e+000	5.000000e+000
1.501733624176372e-003	2.996868e+000	5.000000e+000
1.501764701409161e-003	2.992238e+000	5.000000e+000
1.501786050556341e-003	2.988259e+000	5.000000e+000
1.501804577723440e-003	2.984211e+000	5.000000e+000
1.501822593675884e-003	2.979817e+000	5.000000e+000
1.501838851834421e-003	2.975485e+000	5.000000e+000
1.501854350001427e-003	2.971021e+000	5.000000e+000
1.501871705575012e-003	2.965659e+000	5.000000e+000
1.501890292118602e-003	2.959485e+000	5.000000e+000
1.501917252284612e-003	2.949780e+000	5.000000e+000
1.501953244999547e-003	2.935820e+000	5.000000e+000
1.501976869644377e-003	2.926039e+000	5.000000e+000
1.501995799772083e-003	2.917780e+000	5.000000e+000
1.502013785322137e-003	2.909620e+000	5.000000e+000
1.502036079063183e-003	2.899157e+000	5.000000e+000
1.502056935882504e-003	2.889043e+000	5.000000e+000
1.502082430778585e-003	2.876271e+000	5.000000e+000
1.502110214931526e-003	2.861909e+000	5.000000e+000
1.502140956205960e-003	2.845553e+000	5.000000e+000
1.502163707648807e-003	2.833136e+000	5.000000e+000
1.502186723982673e-003	2.820283e+000	5.000000e+000
1.502213161237216e-003	2.805216e+000	5.000000e+000
1.502241502165923e-003	2.788732e+000	5.000000e+000
1.502272381888716e-003	2.770392e+000	5.000000e+000
1.502309547621009e-003	2.747867e+000	5.000000e+000
1.502344524366687e-003	2.726275e+000	5.000000e+000
1.502374337752640e-003	2.707562e+000	5.000000e+000
1.502407376588689e-003	2.686516e+000	5.000000e+000
1.502445941831421e-003	2.661616e+000	5.000000e+000
1.502487506758532e-003	2.634399e+000	5.000000e+000
1.502547007068547e-003	2.594931e+000	5.000000e+000
1.502588614681822e-003	2.567010e+000	5.000000e+000
1.502634092693474e-003	2.536163e+000	5.000000e+000
1.502686641969164e-003	2.500183e+000	5.000000e+000
1.502758101902466e-003	2.450832e+000	5.000000e+000
1.502813555100794e-003	2.412238e+000	5.000000e+000
1.502883545435478e-003	2.363195e+000	5.000000e+000
1.502956855730706e-003	2.311555e+000	5.000000e+000
1.503033320544301e-003	2.257443e+000	5.000000e+000
1.503135762869279e-003	2.184684e+000	5.000000e+000
1.503241871613097e-003	2.109134e+000	5.000000e+000
1.503362429604645e-003	2.023193e+000	5.000000e+000
1.503499270352000e-003	1.925687e+000	5.000000e+000
1.503673124176185e-003	1.802084e+000	5.000000e+000
1.503860860979977e-003	1.669388e+000	5.000000e+000
1.504209287695340e-003	1.425617e+000	5.000000e+000
1.504564978596507e-003	1.180906e+000	5.000000e+000
1.504995797372865e-003	8.931707e-001	5.000000e+000
1.505676421044905e-003	4.640739e-001	5.000000e+000
1.506859476914221e-003	-2.026455e-001	5.000000e+000
1.508454032672380e-003	-9.370356e-001	5.000000e+000
1.510168605121355e-003	-1.511988e+000	5.000000e+000
1.511431321424869e-003	-1.769972e+000	5.000000e+000
1.512635632740093e-003	-1.870904e+000	5.000000e+000
1.513854620987878e-003	-1.841838e+000	5.000000e+000
1.515460143999034e-003	-1.639146e+000	5.000000e+000
1.517387475725421e-003	-1.229028e+000	5.000000e+000
1.519104144463172e-003	-7.580072e-001	5.000000e+000
1.520461372078145e-003	-3.432414e-001	5.000000e+000
1.521854298828086e-003	8.658192e-002	5.000000e+000
1.523257056067431e-003	4.929149e-001	5.000000e+000
1.524761389886163e-003	8.723527e-001	5.000000e+000
1.526381003022183e-003	1.195124e+000	5.000000e+000
1.527971445669058e-003	1.407009e+000	5.000000e+000
1.529698870318676e-003	1.512954e+000	5.000000e+000
1.531288552605115e-003	1.502095e+000	5.000000e+000
1.532563241877695e-003	1.415861e+000	5.000000e+000
1.533838366877264e-003	1.265166e+000	5.000000e+000
1.535229678111542e-003	1.040823e+000	5.000000e+000
1.537345108230187e-003	6.297036e-001	5.000000e+000
1.539015968958091e-003	2.732897e-001	5.000000e+000
1.540617772686273e-003	-7.431097e-002	5.000000e+000
1.542236552950352e-003	-4.039437e-001	5.000000e+000
1.543970948027765e-003	-7.108970e-001	5.000000e+000
1.545670637523835e-003	-9.445807e-001	5.000000e+000
1.547622384996193e-003	-1.118155e+000	5.000000e+000
1.549463118182749e-003	-1.183308e+000	5.000000e+000
1.551328120124220e-003	-1.149273e+000	5.000000e+000
1.553077538169847e-003	-1.030214e+000	5.000000e+000
1.555198012608301e-003	-7.929255e-001	5.000000e+000
1.557813802842268e-003	-4.195817e-001	5.000000e+000
1.559630261747517e-003	-1.311967e-001	5.000000e+000
1.561338911557044e-003	1.423099e-001	5.000000e+000
1.563056430660702e-003	3.968284e-001	5.000000e+000
1.564813528944398e-003	6.194617e-001	5.000000e+000
1.566618543854443e-003	7.938884e-001	5.000000e+000
1.568575252507101e-003	9.115949e-001	5.000000e+000
1.570538963523090e-003	9.510179e-001	5.000000e+000
1.572522534424462e-003	9.126351e-001	5.000000e+000
1.574321733877737e-003	8.126557e-001	5.000000e+000
1.576465707625351e-003	6.272609e-001	5.000000e+000
1.579135806314096e-003	3.407870e-001	5.000000e+000
1.580994752715199e-003	1.229817e-001	5.000000e+000
1.582738659491357e-003	-8.002649e-002	5.000000e+000
1.584493591918099e-003	-2.665560e-001	5.000000e+000
1.586282324129902e-003	-4.264064e-001	5.000000e+000
1.588108097481020e-003	-5.474899e-001	5.000000e+000
1.590119923570204e-003	-6.238887e-001	5.000000e+000
1.592366822012294e-003	-6.405787e-001	5.000000e+000
1.594394668395475e-003	-5.957642e-001	5.000000e+000
1.596244448213291e-003	-5.054988e-001	5.000000e+000
1.598627258116464e-003	-3.409697e-001	5.000000e+000
1.600780954869606e-003	-1.653232e-001	5.000000e+000
1.602571073548883e-003	-1.030718e-002	5.000000e+000
1.604395466203502e-003	1.424464e-001	5.000000e+000
1.606384479832846e-003	2.910774e-001	5.000000e+000
1.608188255277642e-003	4.001414e-001	5.000000e+000
1.610103972034962e-003	4.792258e-001	5.000000e+000
1.612383322114913e-003	5.253497e-001	5.000000e+000
1.614212370983832e-003	5.222617e-001	5.000000e+000
1.616186952169158e-003	4.787262e-001	5.000000e+000
1.617964869376174e-003	4.084266e-001	5.000000e+000
1.620567399864425e-003	2.701437e-001	5.000000e+000
1.622675352841832e-003	1.417664e-001	5.000000e+000
1.624449716644476e-003	2.949453e-002	5.000000e+000
1.626257851744398e-003	-7.913050e-002	5.000000e+000
1.628036209257715e-003	-1.729244e-001	5.000000e+000
1.629858512822948e-003	-2.486754e-001	5.000000e+000
1.631965102169715e-003	-3.064767e-001	5.000000e+000
1.634047326710502e-003	-3.313487e-001	5.000000e+000
1.635840181510742e-003	-3.247361e-001	5.000000e+000
1.637673871232421e-003	-2.921181e-001	5.000000e+000
1.639531703738347e-003	-2.361061e-001	5.000000e+000
1.642189781433806e-003	-1.310827e-001	5.000000e+000
1.644090531492742e-003	-4.581670e-002	5.000000e+000
1.645850444709342e-003	3.576792e-002	5.000000e+000
1.647626811945736e-003	1.137043e-001	5.000000e+000
1.649417371914576e-003	1.824813e-001	5.000000e+000
1.651300019304157e-003	2.399540e-001	5.000000e+000
1.653132120554286e-003	2.770293e-001	5.000000e+000
1.655373152925414e-003	2.970528e-001	5.000000e+000
1.657208020363213e-003	2.925574e-001	5.000000e+000
1.659086549303141e-003	2.680847e-001	5.000000e+000
1.660874308419948e-003	2.286225e-001	5.000000e+000
1.663506592030285e-003	1.523426e-001	5.000000e+000
1.665657134214552e-003	8.174583e-002	5.000000e+000
1.667437402271221e-003	2.169070e-002	5.000000e+000
1.669250697508260e-003	-3.573292e-002	5.000000e+000
1.671049956081713e-003	-8.509275e-002	5.000000e+000
1.672874256198751e-003	-1.239678e-001	5.000000e+000
1.674875103068307e-003	-1.515548e-001	5.000000e+000
1.676869928039999e-003	-1.628266e-001	5.000000e+000
1.678660196330475e-003	-1.583706e-001	5.000000e+000
1.680487753802761e-003	-1.401838e-001	5.000000e+000
1.682436122143842e-003	-1.083017e-001	5.000000e+000
1.684730269883642e-003	-5.968992e-002	5.000000e+000
1.686572797304198e-003	-1.542285e-002	5.000000e+000
1.688500660311662e-003	3.240383e-002	5.000000e+000
1.690280082258746e-003	7.429314e-002	5.000000e+000
1.692106296319985e-003	1.120420e-001	5.000000e+000
1.693931818687108e-003	1.421538e-001	5.000000e+000
1.695771044173093e-003	1.630027e-001	5.000000e+000
1.697624065617711e-003	1.735535e-001	5.000000e+000
1.699381978173562e-003	1.734969e-001	5.000000e+000
1.701173063321439e-003	1.637516e-001	5.000000e+000
1.702980679092641e-003	1.449884e-001	5.000000e+000
1.705294694742530e-003	1.117241e-001	5.000000e+000
1.707323816746196e-003	7.724680e-002	5.000000e+000
1.709194958835298e-003	4.335951e-002	5.000000e+000
1.711098812853744e-003	9.781428e-003	5.000000e+000
1.712909596465347e-003	-1.887368e-002	5.000000e+000
1.714833670075790e-003	-4.383325e-002	5.000000e+000
1.716648244244270e-003	-6.056563e-002	5.000000e+000
1.718688595773776e-003	-7.078640e-002	5.000000e+000
1.720474088799609e-003	-7.206377e-002	5.000000e+000
1.722257592226954e-003	-6.599232e-002	5.000000e+000
1.724053279060737e-003	-5.314584e-002	5.000000e+000
1.726481336433126e-003	-2.838265e-002	5.000000e+000
1.728401481212568e-003	-4.855808e-003	5.000000e+000
1.730375797525094e-003	2.128133e-002	5.000000e+000
1.732168898728480e-003	4.459120e-002	5.000000e+000
1.734022412302902e-003	6.618598e-002	5.000000e+000
1.736387684729555e-003	8.837236e-002	5.000000e+000
1.738486298887733e-003	1.018955e-001	5.000000e+000
1.740318422044618e-003	1.076510e-001	5.000000e+000
1.742137450425869e-003	1.075176e-001	5.000000e+000
1.744011402055599e-003	1.018810e-001	5.000000e+000
1.745826148858233e-003	9.158488e-002	5.000000e+000
1.748109635260290e-003	7.375461e-002	5.000000e+000
1.750245200260704e-003	5.420338e-002	5.000000e+000
1.752744642486907e-003	3.016803e-002	5.000000e+000
1.754615963130880e-003	1.309339e-002	5.000000e+000
1.756400965936375e-003	-1.060668e-003	5.000000e+000
1.758188269165757e-003	-1.222058e-002	5.000000e+000
1.760040637366335e-003	-2.001372e-002	5.000000e+000
1.761896275970846e-003	-2.369233e-002	5.000000e+000
1.763684409561208e-003	-2.320387e-002	5.000000e+000
1.765496678527539e-003	-1.881948e-002	5.000000e+000
1.767472342043201e-003	-1.035703e-002	5.000000e+000
1.769379718245817e-003	6.141753e-004	5.000000e+000
1.771335416277356e-003	1.375008e-002	5.000000e+000
1.773252875533763e-003	2.732821e-002	5.000000e+000
1.775303802786098e-003	4.121903e-002	5.000000e+000
1.777896324836327e-003	5.600391e-002	5.000000e+000
1.780785418500124e-003	6.744622e-002	5.000000e+000
1.783377339111196e-003	7.238775e-002	5.000000e+000
1.785191838425741e-003	7.219984e-002	5.000000e+000
1.786942060696074e-003	6.905987e-002	5.000000e+000
1.788708677277861e-003	6.349126e-002	5.000000e+000
1.790891812284552e-003	5.418561e-002	5.000000e+000
1.793650817560447e-003	4.057796e-002	5.000000e+000
1.796580505060447e-003	2.589472e-002	5.000000e+000
1.798829922962321e-003	1.575348e-002	5.000000e+000
1.800639534997731e-003	9.265542e-003	5.000000e+000
1.802501562496553e-003	4.657753e-003	5.000000e+000
1.804348898558307e-003	2.273947e-003	5.000000e+000
1.806136299333798e-003	2.137269e-003	5.000000e+000
1.807946025795068e-003	4.133373e-003	5.000000e+000
1.809997016830646e-003	8.581756e-003	5.000000e+000
1.812178475599433e-003	1.522624e-002	5.000000e+000
1.814797646449516e-003	2.464843e-002	5.000000e+000
1.817626649280524e-003	3.499649e-002	5.000000e+000
1.820556336780524e-003	4.427173e-002	5.000000e+000
1.823486024280524e-003	5.065450e-002	5.000000e+000
1.826415711780524e-003	5.358569e-002	5.000000e+000
1.828379560181233e-003	5.332182e-002	5.000000e+000
1.830128994170794e-003	5.142257e-002	5.000000e+000
1.831895667561031e-003	4.825176e-002	5.000000e+000
1.833868372578346e-003	4.361959e-002	5.000000e+000
1.836583254757547e-003	3.636261e-002	5.000000e+000
1.839512942257547e-003	2.858311e-002	5.000000e+000
1.842442629757546e-003	2.202396e-002	5.000000e+000
1.845372317257546e-003	1.746645e-002	5.000000e+000
1.847327013608393e-003	1.595338e-002	5.000000e+000
1.849086075015350e-003	1.589821e-002	5.000000e+000
1.850862855570851e-003	1.702101e-002	5.000000e+000
1.853304523929230e-003	2.005210e-002	5.000000e+000
1.856077884336406e-003	2.482027e-002	5.000000e+000
1.859007571836406e-003	3.057508e-002	5.000000e+000
1.861937259336406e-003	3.608592e-002	5.000000e+000
1.864866946836406e-003	4.042869e-002	5.000000e+000
1.867796634336405e-003	4.294032e-002	5.000000e+000
1.870726321836405e-003	4.348846e-002	5.000000e+000
1.872710704608084e-003	4.267343e-002	5.000000e+000
1.874464673619786e-003	4.113435e-002	5.000000e+000
1.876226834063010e-003	3.903152e-002	5.000000e+000
1.878150666732250e-003	3.633275e-002	5.000000e+000
1.880913956226494e-003	3.226565e-002	5.000000e+000
1.883843643726494e-003	2.831051e-002	5.000000e+000
1.886773331226494e-003	2.519057e-002	5.000000e+000
1.888849851462928e-003	2.378034e-002	5.000000e+000
1.890725419880029e-003	2.326806e-002	5.000000e+000
1.892629648251474e-003	2.350097e-002	5.000000e+000
1.895188545950532e-003	2.479074e-002	5.000000e+000
1.898021513934685e-003	2.712953e-002	5.000000e+000
1.900951201434685e-003	3.013879e-002	5.000000e+000
1.903880888934685e-003	3.321015e-002	5.000000e+000
1.906810576434685e-003	3.581039e-002	5.000000e+000
1.909740263934685e-003	3.752416e-002	5.000000e+000
1.912669951434685e-003	3.812397e-002	5.000000e+000
1.915599638934685e-003	3.764763e-002	5.000000e+000
1.917805539058211e-003	3.663982e-002	5.000000e+000
1.919579458151400e-003	3.546616e-002	5.000000e+000
1.921616928998914e-003	3.389176e-002	5.000000e+000
1.923451755173368e-003	3.240711e-002	5.000000e+000
1.925551843140801e-003	3.077939e-002	5.000000e+000
1.927919086330599e-003	2.919099e-002	5.000000e+000
1.930069152869778e-003	2.810623e-002	5.000000e+000
1.932273230300300e-003	2.747647e-002	5.000000e+000
1.934872633305569e-003	2.737584e-002	5.000000e+000
1.937727962173969e-003	2.797196e-002	5.000000e+000
1.940657649673969e-003	2.919495e-002	5.000000e+000
1.943587337173969e-003	3.079048e-002	5.000000e+000
1.946517024673968e-003	3.245500e-002	5.000000e+000
1.949446712173968e-003	3.389290e-002	5.000000e+000
1.952376399673968e-003	3.487179e-002	5.000000e+000
1.955306087173968e-003	3.525791e-002	5.000000e+000
1.958235774673968e-003	3.503155e-002	5.000000e+000
1.961165462173968e-003	3.428132e-002	5.000000e+000
1.964095149673968e-003	3.318001e-002	5.000000e+000
1.967024837173969e-003	3.194771e-002	5.000000e+000
1.969954524673969e-003	3.080969e-002	5.000000e+000
1.972884212173969e-003	2.995669e-002	5.000000e+000
1.975813899673969e-003	2.951451e-002	5.000000e+000
1.978743587173969e-003	2.952722e-002	5.000000e+000
1.981673274673969e-003	2.995609e-002	5.000000e+000
1.984602962173969e-003	3.069300e-002	5.000000e+000
1.987532649673969e-003	3.158480e-002	5.000000e+000
1.990462337173969e-003	3.246363e-002	5.000000e+000
1.993392024673970e-003	3.317741e-002	5.000000e+000
1.996321712173970e-003	3.367683e-002	5.000000e+000
1.997170312500000e-003	3.375736e-002	5.000000e+000
1.998502799347940e-003	3.381154e-002	5.000000e+000
1.999299999999998e-003	3.380111e-002	5.000000e+000
2.000100000000000e-003	3.376598e-002	5.000000e+000
2.000100220003230e-003	3.376597e-002	4.978000e+000
2.000100660009689e-003	3.376595e-002	4.933999e+000
2.000101007845285e-003	3.376592e-002	4.899216e+000
2.000101377252996e-003	3.376590e-002	4.862275e+000
2.000102116068418e-003	3.376586e-002	4.788393e+000
2.000103593699261e-003	3.376577e-002	4.640630e+000
2.000105410912239e-003	3.376565e-002	4.458909e+000
2.000107647533929e-003	3.376550e-002	4.235247e+000
2.000109899211708e-003	3.376533e-002	4.010079e+000
2.000112391483368e-003	3.376508e-002	3.760852e+000
2.000116032922361e-003	3.376443e-002	3.396708e+000
2.000123315800347e-003	3.376114e-002	2.668420e+000
2.000134700611780e-003	3.374833e-002	1.529939e+000
2.000145439642070e-003	3.371939e-002	4.560358e-001
2.000157717457520e-003	3.364709e-002	-7.717457e-001
2.000171272411616e-003	3.351089e-002	-2.127241e+000
2.000176682740912e-003	3.342218e-002	-2.668274e+000
2.000187503399505e-003	3.314865e-002	-3.750340e+000
2.000200000000000e-003	3.273780e-002	-5.000000e+000
2.000203748980148e-003	3.255682e-002	-5.000000e+000
2.000208747620346e-003	3.227041e-002	-5.000000e+000
2.000218744900742e-003	3.150036e-002	-5.000000e+000
2.000238739461534e-003	2.917577e-002	-5.000000e+000
2.000263876090508e-003	2.433167e-002	-5.000000e+000
2.000298139120020e-003	1.362457e-002	-5.000000e+000
2.000330004248463e-003	-1.701949e-003	-5.000000e+000
2.000364244699102e-003	-2.547754e-002	-5.000000e+000
2.000399435116370e-003	-5.952193e-002	-5.000000e+000
2.000452072256901e-003	-1.293268e-001	-5.000000e+000
2.000524448826367e-003	-2.573380e-001	-5.000000e+000
2.000613358055901e-003	-4.608780e-001	-5.000000e+000
2.000734131607646e-003	-7.991152e-001	-5.000000e+000
2.000859458151635e-003	-1.198583e+000	-5.000000e+000
2.000917174144815e-003	-1.397230e+000	-5.000000e+000
2.000952856906074e-003	-1.525011e+000	-5.000000e+000
2.000979170193127e-003	-1.620702e+000	-5.000000e+000
2.000993516983709e-003	-1.673293e+000	-5.000000e+000
2.001005017770811e-003	-1.715642e+000	-5.000000e+000
2.001017769356484e-003	-1.762708e+000	-5.000000e+000
2.001030778008851e-003	-1.810766e+000	-5.000000e+000
2.001050777839650e-003	-1.884481e+000	-5.000000e+000
2.001080128809624e-003	-1.991884e+000	-5.000000e+000
2.001102629298506e-003	-2.072997e+000	-5.000000e+000
2.001124999075397e-003	-2.151750e+000	-5.000000e+000
2.001146538616519e-003	-2.225313e+000	-5.000000e+000
2.001165105827926e-003	-2.286499e+000	-5.000000e+000
2.001180631018299e-003	-2.335696e+000	-5.000000e+000
2.001195319563325e-003	-2.380358e+000	-5.000000e+000
2.001210096752584e-003	-2.423328e+000	-5.000000e+000
2.001225878134433e-003	-2.466694e+000	-5.000000e+000
2.001249920454698e-003	-2.527686e+000	-5.000000e+000
2.001284496090600e-003	-2.607695e+000	-5.000000e+000
2.001304386054353e-003	-2.649270e+000	-5.000000e+000
2.001323246784844e-003	-2.684905e+000	-5.000000e+000
2.001341856047235e-003	-2.717283e+000	-5.000000e+000
2.001358909182894e-003	-2.744757e+000	-5.000000e+000
2.001373780565312e-003	-2.767018e+000	-5.000000e+000
2.001390380636692e-003	-2.790204e+000	-5.000000e+000
2.001405987240984e-003	-2.810458e+000	-5.000000e+000
2.001428813249614e-003	-2.837587e+000	-5.000000e+000
2.001458755337666e-003	-2.870013e+000	-5.000000e+000
2.001479325435225e-003	-2.890169e+000	-5.000000e+000
2.001499033179781e-003	-2.907628e+000	-5.000000e+000
2.001518176592858e-003	-2.923090e+000	-5.000000e+000
2.001536175001845e-003	-2.936340e+000	-5.000000e+000
2.001551589090539e-003	-2.946665e+000	-5.000000e+000
2.001566952480607e-003	-2.956006e+000	-5.000000e+000
2.001582352664299e-003	-2.964419e+000	-5.000000e+000
2.001601160180981e-003	-2.973364e+000	-5.000000e+000
2.001628041242501e-003	-2.983968e+000	-5.000000e+000
2.001658218503217e-003	-2.993399e+000	-5.000000e+000
2.001679004830086e-003	-2.998300e+000	-5.000000e+000
2.001697269256672e-003	-3.001428e+000	-5.000000e+000
2.001715105429691e-003	-3.003597e+000	-5.000000e+000
2.001731198914288e-003	-3.004869e+000	-5.000000e+000
2.001746448997905e-003	-3.005497e+000	-5.000000e+000
2.001761767564792e-003	-3.005597e+000	-5.000000e+000
2.001778670426278e-003	-3.005088e+000	-5.000000e+000
2.001804213243940e-003	-3.003208e+000	-5.000000e+000
2.001841072868527e-003	-2.998886e+000	-5.000000e+000
2.001863859321129e-003	-2.995270e+000	-5.000000e+000
2.001881877209165e-003	-2.991764e+000	-5.000000e+000
2.001899087116520e-003	-2.987959e+000	-5.000000e+000
2.001914759373410e-003	-2.984134e+000	-5.000000e+000
2.001930122959112e-003	-2.980052e+000	-5.000000e+000
2.001945973287194e-003	-2.975505e+000	-5.000000e+000
2.001963912019447e-003	-2.969932e+000	-5.000000e+000
2.001990410502226e-003	-2.960913e+000	-5.000000e+000
2.002030277594968e-003	-2.946123e+000	-5.000000e+000
2.002055336178726e-003	-2.936107e+000	-5.000000e+000
2.002073791095817e-003	-2.928279e+000	-5.000000e+000
2.002090733097751e-003	-2.920788e+000	-5.000000e+000
2.002111919303837e-003	-2.911091e+000	-5.000000e+000
2.002131272311170e-003	-2.901936e+000	-5.000000e+000
2.002155460646873e-003	-2.890109e+000	-5.000000e+000
2.002181429001685e-003	-2.877004e+000	-5.000000e+000
2.002209539626783e-003	-2.862399e+000	-5.000000e+000
2.002230199329879e-003	-2.851389e+000	-5.000000e+000
2.002251121819045e-003	-2.839980e+000	-5.000000e+000
2.002274909107227e-003	-2.826740e+000	-5.000000e+000
2.002300997422013e-003	-2.811920e+000	-5.000000e+000
2.002328076394848e-003	-2.796213e+000	-5.000000e+000
2.002359498085513e-003	-2.777580e+000	-5.000000e+000
2.002401657122162e-003	-2.752074e+000	-5.000000e+000
2.002427678604955e-003	-2.736046e+000	-5.000000e+000
2.002454206699119e-003	-2.719439e+000	-5.000000e+000
2.002486937043909e-003	-2.698674e+000	-5.000000e+000
2.002521894797924e-003	-2.676198e+000	-5.000000e+000
2.002563907201152e-003	-2.648805e+000	-5.000000e+000
2.002617891012653e-003	-2.613148e+000	-5.000000e+000
2.002659371956230e-003	-2.585421e+000	-5.000000e+000
2.002703232835349e-003	-2.555785e+000	-5.000000e+000
2.002750537684344e-003	-2.523510e+000	-5.000000e+000
2.002818442681990e-003	-2.476766e+000	-5.000000e+000
2.002870413409893e-003	-2.440706e+000	-5.000000e+000
2.002931941375195e-003	-2.397713e+000	-5.000000e+000
2.002996686013582e-003	-2.352222e+000	-5.000000e+000
2.003064327782334e-003	-2.304463e+000	-5.000000e+000
2.003145807425396e-003	-2.246700e+000	-5.000000e+000
2.003231377216424e-003	-2.185845e+000	-5.000000e+000
2.003324727592310e-003	-2.119308e+000	-5.000000e+000
2.003443131195592e-003	-2.034825e+000	-5.000000e+000
2.003594030168397e-003	-1.927196e+000	-5.000000e+000
2.003757826138477e-003	-1.810659e+000	-5.000000e+000
2.003984407317510e-003	-1.650228e+000	-5.000000e+000
2.004204319652363e-003	-1.495932e+000	-5.000000e+000
2.004564467349997e-003	-1.246754e+000	-5.000000e+000
2.004928519832525e-003	-1.000202e+000	-5.000000e+000
2.005398338617715e-003	-6.933163e-001	-5.000000e+000
2.006122622311459e-003	-2.527080e-001	-5.000000e+000
2.007447532017335e-003	4.534149e-001	-5.000000e+000
2.009041774163448e-003	1.133644e+000	-5.000000e+000
2.010541445601494e-003	1.585493e+000	-5.000000e+000
2.011772931829609e-003	1.798229e+000	-5.000000e+000
2.013103360246019e-003	1.873634e+000	-5.000000e+000
2.014324014312897e-003	1.809710e+000	-5.000000e+000
2.016122952262630e-003	1.531948e+000	-5.000000e+000
2.018079490953369e-003	1.073831e+000	-5.000000e+000
2.019692761828630e-003	6.096743e-001	-5.000000e+000
2.021059917034026e-003	1.869900e-001	-5.000000e+000
2.022503544084558e-003	-2.512712e-001	-5.000000e+000
2.023933391568861e-003	-6.478843e-001	-5.000000e+000
2.025465232070484e-003	-1.005316e+000	-5.000000e+000
2.027097714183426e-003	-1.288004e+000	-5.000000e+000
2.028887717545600e-003	-1.472578e+000	-5.000000e+000
2.030504244982999e-003	-1.525140e+000	-5.000000e+000
2.031816253487312e-003	-1.482266e+000	-5.000000e+000
2.033106535759210e-003	-1.369253e+000	-5.000000e+000
2.034397616672332e-003	-1.195620e+000	-5.000000e+000
2.036072010905208e-003	-9.019242e-001	-5.000000e+000
2.038306178683526e-003	-4.464143e-001	-5.000000e+000
2.040002125376421e-003	-7.997436e-002	-5.000000e+000
2.041726972633671e-003	2.832106e-001	-5.000000e+000
2.043439542931403e-003	6.062030e-001	-5.000000e+000
2.045136081723618e-003	8.632668e-001	-5.000000e+000
2.047252262282122e-003	1.083865e+000	-5.000000e+000
2.049103868123453e-003	1.176750e+000	-5.000000e+000
2.050989186036806e-003	1.166925e+000	-5.000000e+000
2.052727294064971e-003	1.070064e+000	-5.000000e+000
2.054655218410013e-003	8.745120e-001	-5.000000e+000
2.057187054321482e-003	5.315860e-001	-5.000000e+000
2.059037447990545e-003	2.435725e-001	-5.000000e+000
2.060739622703511e-003	-3.193881e-002	-5.000000e+000
2.062465376897729e-003	-2.972677e-001	-5.000000e+000
2.064358798765097e-003	-5.534641e-001	-5.000000e+000
2.066130194112763e-003	-7.400941e-001	-5.000000e+000
2.068465470993034e-003	-8.955870e-001	-5.000000e+000
2.070696670971157e-003	-9.505424e-001	-5.000000e+000
2.072509162998639e-003	-9.189770e-001	-5.000000e+000
2.074335231374862e-003	-8.199795e-001	-5.000000e+000
2.076364298246469e-003	-6.481047e-001	-5.000000e+000
2.079083028130795e-003	-3.592039e-001	-5.000000e+000
2.080954866620363e-003	-1.405203e-001	-5.000000e+000
2.082695066955170e-003	6.304592e-002	-5.000000e+000
2.084449304298325e-003	2.515887e-001	-5.000000e+000
2.086241877193850e-003	4.148816e-001	-5.000000e+000
2.088056207081306e-003	5.390121e-001	-5.000000e+000
2.090076655988600e-003	6.204027e-001	-5.000000e+000
2.092321309047143e-003	6.437624e-001	-5.000000e+000
2.094165708766625e-003	6.090480e-001	-5.000000e+000
2.096026426956362e-003	5.247471e-001	-5.000000e+000
2.098242749460817e-003	3.788182e-001	-5.000000e+000
2.100403616053730e-003	2.065720e-001	-5.000000e+000
2.102192330756269e-003	5.225420e-002	-5.000000e+000
2.104027987286463e-003	-1.045475e-001	-5.000000e+000
2.105811571177544e-003	-2.440976e-001	-5.000000e+000
2.107626563294668e-003	-3.638650e-001	-5.000000e+000
2.109443537964168e-003	-4.513777e-001	-5.000000e+000
2.111851388211009e-003	-5.168799e-001	-5.000000e+000
2.113825278380799e-003	-5.272884e-001	-5.000000e+000
2.115603933142171e-003	-4.989479e-001	-5.000000e+000
2.117402108616055e-003	-4.376549e-001	-5.000000e+000
2.119652826250384e-003	-3.277528e-001	-5.000000e+000
2.122018900143738e-003	-1.888380e-001	-5.000000e+000
2.123835959310274e-003	-7.415870e-002	-5.000000e+000
2.125605022881017e-003	3.549692e-002	-5.000000e+000
2.127385611461062e-003	1.356415e-001	-5.000000e+000
2.129191153012923e-003	2.203470e-001	-5.000000e+000
2.131017384454423e-003	2.811158e-001	-5.000000e+000
2.133586764382128e-003	3.265208e-001	-5.000000e+000
2.135466627851193e-003	3.294082e-001	-5.000000e+000
2.137231212716665e-003	3.049483e-001	-5.000000e+000
2.139007412366906e-003	2.574207e-001	-5.000000e+000
2.141454575614488e-003	1.670900e-001	-5.000000e+000
2.143407410259444e-003	8.212163e-002	-5.000000e+000
2.145167624028950e-003	3.864860e-004	-5.000000e+000
2.146963137830095e-003	-8.072186e-002	-5.000000e+000
2.148963476124768e-003	-1.621947e-001	-5.000000e+000
2.150764090296709e-003	-2.224989e-001	-5.000000e+000
2.152623921062867e-003	-2.664185e-001	-5.000000e+000
2.154842112221211e-003	-2.945191e-001	-5.000000e+000
2.156651123072089e-003	-2.970084e-001	-5.000000e+000
2.158420830915839e-003	-2.804321e-001	-5.000000e+000
2.160208696749475e-003	-2.469180e-001	-5.000000e+000
2.162502506544775e-003	-1.860678e-001	-5.000000e+000
2.164941239405267e-003	-1.088804e-001	-5.000000e+000
2.166767692214870e-003	-4.718044e-002	-5.000000e+000
2.168529368587125e-003	1.081370e-002	-5.000000e+000
2.170308626139842e-003	6.329093e-002	-5.000000e+000
2.172255139730297e-003	1.103575e-001	-5.000000e+000
2.174077571236251e-003	1.406466e-001	-5.000000e+000
2.176604757904918e-003	1.610823e-001	-5.000000e+000
2.178488885280854e-003	1.598730e-001	-5.000000e+000
2.180412239816566e-003	1.428320e-001	-5.000000e+000
2.182198983119002e-003	1.150195e-001	-5.000000e+000
2.184560478955642e-003	6.617893e-002	-5.000000e+000
2.186430719576587e-003	2.175917e-002	-5.000000e+000
2.188202057842836e-003	-2.233372e-002	-5.000000e+000
2.189989890288032e-003	-6.521274e-002	-5.000000e+000
2.191796269763149e-003	-1.039688e-001	-5.000000e+000
2.193617853892069e-003	-1.358232e-001	-5.000000e+000
2.195541495870303e-003	-1.597832e-001	-5.000000e+000
2.197389333333135e-003	-1.722995e-001	-5.000000e+000
2.199219581717258e-003	-1.739802e-001	-5.000000e+000
2.201014614414665e-003	-1.656799e-001	-5.000000e+000
2.202832060785513e-003	-1.480442e-001	-5.000000e+000
2.205018455264056e-003	-1.177472e-001	-5.000000e+000
2.207085558035523e-003	-8.323489e-002	-5.000000e+000
2.208974448091001e-003	-4.914518e-002	-5.000000e+000
2.210903922145941e-003	-1.475621e-002	-5.000000e+000
2.212710981854048e-003	1.459125e-002	-5.000000e+000
2.214559325935742e-003	3.969600e-002	-5.000000e+000
2.216371845597857e-003	5.800426e-002	-5.000000e+000
2.218222573031720e-003	6.931961e-002	-5.000000e+000
2.219990597577433e-003	7.275099e-002	-5.000000e+000
2.221766919492437e-003	6.893523e-002	-5.000000e+000
2.223570458714192e-003	5.812372e-002	-5.000000e+000
2.225748679146444e-003	3.798736e-002	-5.000000e+000
2.227642601429425e-003	1.598502e-002	-5.000000e+000
2.229426544766670e-003	-7.220476e-003	-5.000000e+000
2.231250049693212e-003	-3.144042e-002	-5.000000e+000
2.233098418999777e-003	-5.463315e-002	-5.000000e+000
2.235086800166973e-003	-7.605497e-002	-5.000000e+000
2.237393254478959e-003	-9.498888e-002	-5.000000e+000
2.239319574058155e-003	-1.048256e-001	-5.000000e+000
2.241155636468750e-003	-1.081494e-001	-5.000000e+000
2.242975399195328e-003	-1.058260e-001	-5.000000e+000
2.244792399117587e-003	-9.842546e-002	-5.000000e+000
2.246616420227223e-003	-8.661338e-002	-5.000000e+000
2.248664579415089e-003	-6.960461e-002	-5.000000e+000
2.250727625293325e-003	-5.024669e-002	-5.000000e+000
2.253001981534357e-003	-2.834378e-002	-5.000000e+000
2.254853001567873e-003	-1.166844e-002	-5.000000e+000
2.256798862883302e-003	3.346053e-003	-5.000000e+000
2.258604936169201e-003	1.406972e-002	-5.000000e+000
2.260444850103613e-003	2.110602e-002	-5.000000e+000
2.262285694948985e-003	2.402969e-002	-5.000000e+000
2.264066917237953e-003	2.288013e-002	-5.000000e+000
2.265880339854271e-003	1.784649e-002	-5.000000e+000
2.267993021099080e-003	8.126533e-003	-5.000000e+000
2.269920923890538e-003	-3.429421e-003	-5.000000e+000
2.271886257633085e-003	-1.690416e-002	-5.000000e+000
2.273848016060444e-003	-3.076375e-002	-5.000000e+000
2.276045597295926e-003	-4.519654e-002	-5.000000e+000
2.278711547494219e-003	-5.930059e-002	-5.000000e+000
2.281641234994219e-003	-6.934258e-002	-5.000000e+000
2.283998531158832e-003	-7.250772e-002	-5.000000e+000
2.285786022936722e-003	-7.140138e-002	-5.000000e+000
2.287556451404968e-003	-6.749125e-002	-5.000000e+000
2.289334672802202e-003	-6.125283e-002	-5.000000e+000
2.291752003727612e-003	-5.033371e-002	-5.000000e+000
2.294619534189519e-003	-3.591833e-002	-5.000000e+000
2.297194300027764e-003	-2.317296e-002	-5.000000e+000
2.299279329076147e-003	-1.413604e-002	-5.000000e+000
2.301096763048589e-003	-8.064839e-003	-5.000000e+000
2.303124684962407e-003	-3.657336e-003	-5.000000e+000
2.305024720454769e-003	-1.875099e-003	-5.000000e+000
2.306812254638060e-003	-2.414245e-003	-5.000000e+000
2.308621579972647e-003	-5.076356e-003	-5.000000e+000
2.310847631146943e-003	-1.061729e-002	-5.000000e+000
2.313087554292452e-003	-1.794856e-002	-5.000000e+000
2.315862645005773e-003	-2.816191e-002	-5.000000e+000
2.318757803078328e-003	-3.842633e-002	-5.000000e+000
2.321687490578328e-003	-4.681105e-002	-5.000000e+000
2.324617178078328e-003	-5.205967e-002	-5.000000e+000
2.327107590048218e-003	-5.362197e-002	-5.000000e+000
2.328909406537703e-003	-5.283357e-002	-5.000000e+000
2.330669276645088e-003	-5.055824e-002	-5.000000e+000
2.332440939286886e-003	-4.708978e-002	-5.000000e+000
2.334643141269786e-003	-4.166518e-002	-5.000000e+000
2.337445974176581e-003	-3.408260e-002	-5.000000e+000
2.340375661676581e-003	-2.651334e-002	-5.000000e+000
2.343305349176581e-003	-2.036964e-002	-5.000000e+000
2.345795430689621e-003	-1.690566e-002	-5.000000e+000
2.347662098537554e-003	-1.575894e-002	-5.000000e+000
2.349594486155364e-003	-1.595506e-002	-5.000000e+000
2.351396253872391e-003	-1.734171e-002	-5.000000e+000
2.354049338241840e-003	-2.098371e-002	-5.000000e+000
2.356864222829011e-003	-2.605474e-002	-5.000000e+000
2.359793910329011e-003	-3.184261e-002	-5.000000e+000
2.362723597829011e-003	-3.714542e-002	-5.000000e+000
2.365653285329011e-003	-4.108794e-002	-5.000000e+000
2.368582972829012e-003	-4.317113e-002	-5.000000e+000
2.371083512491464e-003	-4.333772e-002	-5.000000e+000
2.372920097496758e-003	-4.243473e-002	-5.000000e+000
2.374688656591400e-003	-4.081474e-002	-5.000000e+000
2.376465105118395e-003	-3.865235e-002	-5.000000e+000
2.378466609698216e-003	-3.581771e-002	-5.000000e+000
2.381260042311189e-003	-3.171593e-002	-5.000000e+000
2.384189729811189e-003	-2.782938e-002	-5.000000e+000
2.387119417311190e-003	-2.482683e-002	-5.000000e+000
2.389173694156129e-003	-2.355676e-002	-5.000000e+000
2.391290988970360e-003	-2.314334e-002	-5.000000e+000
2.393277623161669e-003	-2.356968e-002	-5.000000e+000
2.396026189208843e-003	-2.521810e-002	-5.000000e+000
2.398928665958579e-003	-2.781544e-002	-5.000000e+000
2.401858353458579e-003	-3.089735e-002	-5.000000e+000
2.404788040958579e-003	-3.388442e-002	-5.000000e+000
2.407717728458579e-003	-3.626536e-002	-5.000000e+000
2.410647415958579e-003	-3.767386e-002	-5.000000e+000
2.413577103458579e-003	-3.797526e-002	-5.000000e+000
2.416137717504165e-003	-3.735214e-002	-5.000000e+000
2.418210949025816e-003	-3.629204e-002	-5.000000e+000
2.420011819783166e-003	-3.505182e-002	-5.000000e+000
2.422000176573216e-003	-3.349211e-002	-5.000000e+000
2.423865257156952e-003	-3.198472e-002	-5.000000e+000
2.426039566108019e-003	-3.032894e-002	-5.000000e+000
2.428342272209363e-003	-2.885123e-002	-5.000000e+000
2.430688885139838e-003	-2.777135e-002	-5.000000e+000
2.432962137494625e-003	-2.725583e-002	-5.000000e+000
2.435721406602422e-003	-2.733904e-002	-5.000000e+000
2.438641558850052e-003	-2.813473e-002	-5.000000e+000
2.441571246350052e-003	-2.949259e-002	-5.000000e+000
2.444500933850053e-003	-3.113992e-002	-5.000000e+000
2.447430621350053e-003	-3.276691e-002	-5.000000e+000
2.450360308850053e-003	-3.409167e-002	-5.000000e+000
2.453289996350053e-003	-3.490757e-002	-5.000000e+000
2.456219683850053e-003	-3.511327e-002	-5.000000e+000
2.459149371350053e-003	-3.472188e-002	-5.000000e+000
2.462079058850053e-003	-3.384954e-002	-5.000000e+000
2.465008746350053e-003	-3.268687e-002	-5.000000e+000
2.467938433850053e-003	-3.145979e-002	-5.000000e+000
2.470868121350054e-003	-3.038731e-002	-5.000000e+000
2.473797808850054e-003	-2.964395e-002	-5.000000e+000
2.476727496350054e-003	-2.933282e-002	-5.000000e+000
2.479657183850054e-003	-2.947347e-002	-5.000000e+000
2.482586871350054e-003	-3.000512e-002	-5.000000e+000
2.485516558850054e-003	-3.080375e-002	-5.000000e+000
2.488446246350054e-003	-3.170874e-002	-5.000000e+000
2.491375933850054e-003	-3.255385e-002	-5.000000e+000
2.494305621350054e-003	-3.319660e-002	-5.000000e+000
2.497235308850055e-003	-3.362580e-002	-5.000000e+000
2.497335308850054e-003	-3.363448e-002	-5.000000e+000
2.497935308850053e-003	-3.365780e-002	-5.000000e+000
2.498835308850052e-003	-3.367211e-002	-5.000000e+000
2.499001693300044e-003	-3.367029e-002	-5.000000e+000
2.499168077750037e-003	-3.366740e-002	-5.000000e+000
2.499334462200030e-003	-3.366344e-002	-5.000000e+000
2.499500846650022e-003	-3.365839e-002	-5.000000e+000
2.499667231100015e-003	-3.365228e-002	-5.000000e+000
2.499833615550008e-003	-3.364508e-002	-5.000000e+000
2.500000000000000e-003	-3.363682e-002	-5.000000e+000
2.500000220003089e-003	-3.363680e-002	-4.978000e+000
2.500000660009266e-003	-3.363678e-002	-4.933999e+000
2.500001003554227e-003	-3.363676e-002	-4.899644e+000
2.500001369815584e-003	-3.363674e-002	-4.863019e+000
2.500002102338296e-003	-3.363670e-002	-4.789766e+000
2.500003567383720e-003	-3.363662e-002	-4.643261e+000
2.500005402540097e-003	-3.363652e-002	-4.459746e+000
2.500007658626442e-003	-3.363638e-002	-4.234138e+000
2.500009960469876e-003	-3.363622e-002	-4.003953e+000
2.500012457707199e-003	-3.363599e-002	-3.754229e+000
2.500016041588992e-003	-3.363536e-002	-3.395841e+000
2.500023209352577e-003	-3.363210e-002	-2.679065e+000
2.500034515498421e-003	-3.361928e-002	-1.548450e+000
2.500045057008605e-003	-3.359063e-002	-4.942991e-001
2.500057213120951e-003	-3.351868e-002	7.213121e-001
2.500070544918175e-003	-3.338160e-002	2.054492e+000
2.500077144451159e-003	-3.327168e-002	2.714445e+000
2.500086800934032e-003	-3.302100e-002	3.680093e+000
2.500100000000000e-003	-3.257287e-002	5.000000e+000
2.500103959719790e-003	-3.237409e-002	5.000000e+000
2.500109239346177e-003	-3.205668e-002	5.000000e+000
2.500119798598952e-003	-3.119131e-002	5.000000e+000
2.500140917104500e-003	-2.855374e-002	5.000000e+000
2.500166704355298e-003	-2.325229e-002	5.000000e+000
2.500199994595638e-003	-1.230589e-002	5.000000e+000
2.500230703211117e-003	3.011181e-003	5.000000e+000
2.500264534305574e-003	2.711920e-002	5.000000e+000
2.500300296141539e-003	6.252176e-002	5.000000e+000
2.500355361543709e-003	1.368967e-001	5.000000e+000
2.500426962144583e-003	2.654091e-001	5.000000e+000
2.500518619556976e-003	4.764178e-001	5.000000e+000
2.500634240556976e-003	7.986833e-001	5.000000e+000
2.500758624181037e-003	1.190439e+000	5.000000e+000
2.500815538965624e-003	1.382767e+000	5.000000e+000
2.500850386052127e-003	1.504846e+000	5.000000e+000
2.500872448179642e-003	1.583264e+000	5.000000e+000
2.500899772156705e-003	1.681151e+000	5.000000e+000
2.500912649113140e-003	1.727490e+000	5.000000e+000
2.500924176974766e-003	1.769089e+000	5.000000e+000
2.500935609767897e-003	1.810382e+000	5.000000e+000
2.500950173865788e-003	1.862936e+000	5.000000e+000
2.500972578541594e-003	1.943217e+000	5.000000e+000
2.501012609210952e-003	2.084380e+000	5.000000e+000
2.501043334505688e-003	2.189751e+000	5.000000e+000
2.501066171413789e-003	2.265127e+000	5.000000e+000
2.501084241153793e-003	2.322380e+000	5.000000e+000
2.501099487088956e-003	2.368726e+000	5.000000e+000
2.501114506566145e-003	2.412470e+000	5.000000e+000
2.501129588842748e-003	2.454389e+000	5.000000e+000
2.501146039850284e-003	2.497431e+000	5.000000e+000
2.501171657199066e-003	2.558815e+000	5.000000e+000
2.501210536765942e-003	2.642647e+000	5.000000e+000
2.501235628802845e-003	2.690828e+000	5.000000e+000
2.501254555897950e-003	2.723295e+000	5.000000e+000
2.501271902323726e-003	2.750572e+000	5.000000e+000
2.501287484739176e-003	2.773296e+000	5.000000e+000
2.501303016526844e-003	2.794399e+000	5.000000e+000
2.501318592694625e-003	2.814116e+000	5.000000e+000
2.501337177891901e-003	2.835795e+000	5.000000e+000
2.501364246877176e-003	2.864418e+000	5.000000e+000
2.501395435592243e-003	2.894034e+000	5.000000e+000
2.501416947924239e-003	2.912275e+000	5.000000e+000
2.501435638785792e-003	2.926474e+000	5.000000e+000
2.501453826424299e-003	2.938989e+000	5.000000e+000
2.501470355211719e-003	2.949294e+000	5.000000e+000
2.501485849006534e-003	2.958012e+000	5.000000e+000
2.501501409530118e-003	2.965857e+000	5.000000e+000
2.501518155318389e-003	2.973203e+000	5.000000e+000
2.501544123638514e-003	2.982484e+000	5.000000e+000
2.501581813101937e-003	2.992780e+000	5.000000e+000
2.501605648277709e-003	2.997375e+000	5.000000e+000
2.501624191154831e-003	2.999674e+000	5.000000e+000
2.501641707348395e-003	3.000993e+000	5.000000e+000
2.501657705712938e-003	3.001557e+000	5.000000e+000
2.501673293304490e-003	3.001550e+000	5.000000e+000
2.501688931434890e-003	3.001021e+000	5.000000e+000
2.501707013886376e-003	2.999758e+000	5.000000e+000
2.501733788051686e-003	2.996798e+000	5.000000e+000
2.501767202397909e-003	2.991741e+000	5.000000e+000
2.501789497000833e-003	2.987512e+000	5.000000e+000
2.501808016381119e-003	2.983388e+000	5.000000e+000
2.501825761333093e-003	2.978986e+000	5.000000e+000
2.501841747068194e-003	2.974664e+000	5.000000e+000
2.501857439815012e-003	2.970088e+000	5.000000e+000
2.501874803147195e-003	2.964662e+000	5.000000e+000
2.501893699870846e-003	2.958314e+000	5.000000e+000
2.501921375232518e-003	2.948274e+000	5.000000e+000
2.501953433834306e-003	2.935793e+000	5.000000e+000
2.501975490057666e-003	2.926656e+000	5.000000e+000
2.501994444366183e-003	2.918404e+000	5.000000e+000
2.502012867061196e-003	2.910064e+000	5.000000e+000
2.502035606266164e-003	2.899411e+000	5.000000e+000
2.502056123146234e-003	2.889476e+000	5.000000e+000
2.502081445976591e-003	2.876809e+000	5.000000e+000
2.502108359583272e-003	2.862903e+000	5.000000e+000
2.502143782062751e-003	2.844040e+000	5.000000e+000
2.502168119684119e-003	2.830730e+000	5.000000e+000
2.502191333932230e-003	2.817724e+000	5.000000e+000
2.502217818778464e-003	2.802577e+000	5.000000e+000
2.502246192509151e-003	2.786020e+000	5.000000e+000
2.502277578265966e-003	2.767319e+000	5.000000e+000
2.502315870305864e-003	2.744051e+000	5.000000e+000
2.502346681558900e-003	2.724996e+000	5.000000e+000
2.502375203022473e-003	2.707073e+000	5.000000e+000
2.502408395664451e-003	2.685920e+000	5.000000e+000
2.502446838227354e-003	2.661092e+000	5.000000e+000
2.502488607726344e-003	2.633735e+000	5.000000e+000
2.502547302889921e-003	2.594798e+000	5.000000e+000
2.502588020115222e-003	2.567475e+000	5.000000e+000
2.502632912555212e-003	2.537031e+000	5.000000e+000
2.502685454171615e-003	2.501065e+000	5.000000e+000
2.502755222780131e-003	2.452900e+000	5.000000e+000
2.502807860879063e-003	2.416283e+000	5.000000e+000
2.502874775545404e-003	2.369423e+000	5.000000e+000
2.502946880693625e-003	2.318661e+000	5.000000e+000
2.503024640056779e-003	2.263658e+000	5.000000e+000
2.503129518460153e-003	2.189193e+000	5.000000e+000
2.503229538444943e-003	2.117992e+000	5.000000e+000
2.503345395476015e-003	2.035405e+000	5.000000e+000
2.503479479933782e-003	1.939845e+000	5.000000e+000
2.503643668895195e-003	1.823056e+000	5.000000e+000
2.503825982817811e-003	1.693997e+000	5.000000e+000
2.504116795364508e-003	1.489820e+000	5.000000e+000
2.504412024968080e-003	1.285388e+000	5.000000e+000
2.504817736926394e-003	1.012303e+000	5.000000e+000
2.505628752713891e-003	5.007769e-001	5.000000e+000
2.507119433845369e-003	-3.368187e-001	5.000000e+000
2.508477106999914e-003	-9.526742e-001	5.000000e+000
2.510256793002618e-003	-1.530715e+000	5.000000e+000
2.511548046831582e-003	-1.784633e+000	5.000000e+000
2.512754131584772e-003	-1.874478e+000	5.000000e+000
2.513973747884135e-003	-1.833578e+000	5.000000e+000
2.515626515258247e-003	-1.610273e+000	5.000000e+000
2.517573387170155e-003	-1.182573e+000	5.000000e+000
2.519266059301962e-003	-7.105923e-001	5.000000e+000
2.520627247140942e-003	-2.925725e-001	5.000000e+000
2.522031091232669e-003	1.388800e-001	5.000000e+000
2.523442043042943e-003	5.425569e-001	5.000000e+000
2.524954311636901e-003	9.141055e-001	5.000000e+000
2.526665910030328e-003	1.236407e+000	5.000000e+000
2.528424739590392e-003	1.445974e+000	5.000000e+000
2.530072373093703e-003	1.523797e+000	5.000000e+000
2.531454507391228e-003	1.497236e+000	5.000000e+000
2.532726252468409e-003	1.400430e+000	5.000000e+000
2.533998147586871e-003	1.242426e+000	5.000000e+000
2.535508604441967e-003	9.907967e-001	5.000000e+000
2.537658996465006e-003	5.647256e-001	5.000000e+000
2.539333555071263e-003	2.048381e-001	5.000000e+000
2.540943796508188e-003	-1.423257e-001	5.000000e+000
2.542564157635602e-003	-4.661138e-001	5.000000e+000
2.544236260812356e-003	-7.519288e-001	5.000000e+000
2.545990729621472e-003	-9.811336e-001	5.000000e+000
2.547830246559317e-003	-1.132045e+000	5.000000e+000
2.549654236240236e-003	-1.184812e+000	5.000000e+000
2.551499692591005e-003	-1.141518e+000	5.000000e+000
2.553256547685795e-003	-1.013768e+000	5.000000e+000
2.555445476310677e-003	-7.624964e-001	5.000000e+000
2.557744779036558e-003	-4.312685e-001	5.000000e+000
2.559502934049391e-003	-1.509305e-001	5.000000e+000
2.561220052848386e-003	1.246207e-001	5.000000e+000
2.562947297380642e-003	3.822753e-001	5.000000e+000
2.564708266860477e-003	6.079653e-001	5.000000e+000
2.566513035803008e-003	7.851529e-001	5.000000e+000
2.568520055129743e-003	9.088023e-001	5.000000e+000
2.570491781923313e-003	9.507101e-001	5.000000e+000
2.572483722607130e-003	9.137921e-001	5.000000e+000
2.574279935578325e-003	8.152254e-001	5.000000e+000
2.576410386826010e-003	6.321620e-001	5.000000e+000
2.579071220255862e-003	3.476368e-001	5.000000e+000
2.580928195416633e-003	1.302476e-001	5.000000e+000
2.582671293062768e-003	-7.301214e-002	5.000000e+000
2.584426551527510e-003	-2.603793e-001	5.000000e+000
2.586214697451243e-003	-4.214405e-001	5.000000e+000
2.588030054672925e-003	-5.434672e-001	5.000000e+000
2.590043223862121e-003	-6.220109e-001	5.000000e+000
2.592287547895721e-003	-6.425547e-001	5.000000e+000
2.594134710607250e-003	-6.056982e-001	5.000000e+000
2.595995956846536e-003	-5.195005e-001	5.000000e+000
2.598245193714077e-003	-3.696027e-001	5.000000e+000
2.600425559901106e-003	-1.947751e-001	5.000000e+000
2.602219129366025e-003	-3.993972e-002	5.000000e+000
2.604055732304004e-003	1.160558e-001	5.000000e+000
2.605888278604755e-003	2.576073e-001	5.000000e+000
2.607700775844380e-003	3.744720e-001	5.000000e+000
2.609526993038657e-003	4.585732e-001	5.000000e+000
2.612001151123955e-003	5.202330e-001	5.000000e+000
2.613902638476304e-003	5.259833e-001	5.000000e+000
2.615670820747325e-003	4.942615e-001	5.000000e+000
2.617454872078525e-003	4.306402e-001	5.000000e+000
2.619793071592848e-003	3.138214e-001	5.000000e+000
2.622093188446278e-003	1.774169e-001	5.000000e+000
2.623898919871512e-003	6.328293e-002	5.000000e+000
2.625674978783918e-003	-4.603328e-002	5.000000e+000
2.627458760930478e-003	-1.448774e-001	5.000000e+000
2.629267735139292e-003	-2.275726e-001	5.000000e+000
2.631117860525268e-003	-2.872390e-001	5.000000e+000
2.633458864622639e-003	-3.270701e-001	5.000000e+000
2.635296173204462e-003	-3.295044e-001	5.000000e+000
2.637068071875624e-003	-3.054414e-001	5.000000e+000
2.638851933250315e-003	-2.582610e-001	5.000000e+000
2.641283424003446e-003	-1.690665e-001	5.000000e+000
2.643241964284141e-003	-8.412705e-002	5.000000e+000
2.645002719493197e-003	-2.467897e-003	5.000000e+000
2.646799924949799e-003	7.906654e-002	5.000000e+000
2.648599156310649e-003	1.532176e-001	5.000000e+000
2.650412975517892e-003	2.156198e-001	5.000000e+000
2.652239447581003e-003	2.613700e-001	5.000000e+000
2.654391239207752e-003	2.923115e-001	5.000000e+000
2.656186271258678e-003	2.981679e-001	5.000000e+000
2.657949503700846e-003	2.849608e-001	5.000000e+000
2.659738702645771e-003	2.545413e-001	5.000000e+000
2.661880234688659e-003	2.004327e-001	5.000000e+000
2.664606382380266e-003	1.160086e-001	5.000000e+000
2.666501535430461e-003	5.243933e-002	5.000000e+000
2.668256494197760e-003	-5.624054e-003	5.000000e+000
2.670027355858009e-003	-5.838964e-002	5.000000e+000
2.672045028192782e-003	-1.079878e-001	5.000000e+000
2.673861817467129e-003	-1.390401e-001	5.000000e+000
2.676360481567788e-003	-1.604847e-001	5.000000e+000
2.678236159561843e-003	-1.602770e-001	5.000000e+000
2.680162617237337e-003	-1.442270e-001	5.000000e+000
2.681936135546953e-003	-1.171684e-001	5.000000e+000
2.684580731767103e-003	-6.273853e-002	5.000000e+000
2.686506444059829e-003	-1.705876e-002	5.000000e+000
2.688275481100884e-003	2.690738e-002	5.000000e+000
2.690057385916889e-003	6.930708e-002	5.000000e+000
2.691855522308566e-003	1.073053e-001	5.000000e+000
2.693675798619801e-003	1.384511e-001	5.000000e+000
2.695534942111674e-003	1.608728e-001	5.000000e+000
2.697387341005897e-003	1.727920e-001	5.000000e+000
2.699171099172404e-003	1.739829e-001	5.000000e+000
2.700959899333670e-003	1.653696e-001	5.000000e+000
2.702770214430930e-003	1.475639e-001	5.000000e+000
2.704987678986449e-003	1.166366e-001	5.000000e+000
2.707022966174322e-003	8.256692e-002	5.000000e+000
2.708903897273997e-003	4.860451e-002	5.000000e+000
2.710824404302503e-003	1.442710e-002	5.000000e+000
2.712633416248600e-003	-1.486932e-002	5.000000e+000
2.714481555205935e-003	-3.986135e-002	5.000000e+000
2.716295442037729e-003	-5.804850e-002	5.000000e+000
2.718154613406721e-003	-6.926619e-002	5.000000e+000
2.719916956448422e-003	-7.254436e-002	5.000000e+000
2.721692751024968e-003	-6.859755e-002	5.000000e+000
2.723494986850298e-003	-5.768040e-002	5.000000e+000
2.725686749030135e-003	-3.731025e-002	5.000000e+000
2.727580736965524e-003	-1.524892e-002	5.000000e+000
2.729364227500374e-003	7.968196e-003	5.000000e+000
2.731185663373051e-003	3.213515e-002	5.000000e+000
2.733032661190576e-003	5.523397e-002	5.000000e+000
2.735045146326941e-003	7.678324e-002	5.000000e+000
2.737346639850228e-003	9.548140e-002	5.000000e+000
2.739265617942508e-003	1.050934e-001	5.000000e+000
2.741102983013074e-003	1.082451e-001	5.000000e+000
2.742923705904994e-003	1.057704e-001	5.000000e+000
2.744729848172819e-003	9.829098e-002	5.000000e+000
2.746554964945530e-003	8.638223e-002	5.000000e+000
2.748599416911470e-003	6.934933e-002	5.000000e+000
2.750658208807547e-003	5.001461e-002	5.000000e+000
2.752916335973033e-003	2.828506e-002	5.000000e+000
2.754765874291108e-003	1.165350e-002	5.000000e+000
2.756709279976718e-003	-3.300402e-003	5.000000e+000
2.758517060826676e-003	-1.399025e-002	5.000000e+000
2.760357762580079e-003	-2.098214e-002	5.000000e+000
2.762199345227775e-003	-2.385898e-002	5.000000e+000
2.763981209791046e-003	-2.266593e-002	5.000000e+000
2.765794825646783e-003	-1.759288e-002	5.000000e+000
2.767913410243645e-003	-7.809897e-003	5.000000e+000
2.769842882985435e-003	3.775363e-003	5.000000e+000
2.771808185833306e-003	1.725487e-002	5.000000e+000
2.773768657110110e-003	3.108948e-002	5.000000e+000
2.775986718487288e-003	4.561172e-002	5.000000e+000
2.778657431589008e-003	5.965167e-002	5.000000e+000
2.781587119089009e-003	6.957710e-002	5.000000e+000
2.783925466229573e-003	7.262702e-002	5.000000e+000
2.785710957272511e-003	7.146473e-002	5.000000e+000
2.787483287975423e-003	6.750897e-002	5.000000e+000
2.789262662219458e-003	6.123314e-002	5.000000e+000
2.791698995555496e-003	5.020061e-002	5.000000e+000
2.794575487334097e-003	3.574151e-002	5.000000e+000
2.797144855587732e-003	2.305803e-002	5.000000e+000
2.799228251229833e-003	1.408137e-002	5.000000e+000
2.801046691795340e-003	8.067586e-003	5.000000e+000
2.803077830682710e-003	3.730702e-003	5.000000e+000
2.804980795262318e-003	2.022396e-003	5.000000e+000
2.806770371283598e-003	2.632533e-003	5.000000e+000
2.808580160673470e-003	5.355912e-003	5.000000e+000
2.810796070414695e-003	1.093153e-002	5.000000e+000
2.813069303249737e-003	1.840941e-002	5.000000e+000
2.815846819057714e-003	2.863097e-002	5.000000e+000
2.818771015124851e-003	3.894303e-002	5.000000e+000
2.821700702624851e-003	4.721354e-002	5.000000e+000
2.824630390124851e-003	5.232232e-002	5.000000e+000
2.827080865604961e-003	5.374584e-002	5.000000e+000
2.828878468761592e-003	5.288839e-002	5.000000e+000
2.830641763410456e-003	5.055656e-002	5.000000e+000
2.832415750943475e-003	4.704035e-002	5.000000e+000
2.834662932203823e-003	4.146986e-002	5.000000e+000
2.837486942696325e-003	3.382875e-002	5.000000e+000
2.840416630196325e-003	2.631358e-002	5.000000e+000
2.843346317696326e-003	2.026399e-002	5.000000e+000
2.845783482256602e-003	1.696457e-002	5.000000e+000
2.847637966361597e-003	1.588839e-002	5.000000e+000
2.849556737107861e-003	1.613755e-002	5.000000e+000
2.851383263534084e-003	1.758756e-002	5.000000e+000
2.854037879188467e-003	2.128147e-002	5.000000e+000
2.856878740917827e-003	2.642980e-002	5.000000e+000
2.859808428417827e-003	3.221118e-002	5.000000e+000
2.862738115917827e-003	3.747059e-002	5.000000e+000
2.865667803417827e-003	4.134079e-002	5.000000e+000
2.868597490917827e-003	4.334472e-002	5.000000e+000
2.871058434178633e-003	4.345173e-002	5.000000e+000
2.872863049384601e-003	4.253410e-002	5.000000e+000
2.874631687789326e-003	4.089650e-002	5.000000e+000
2.876407617709588e-003	3.872359e-002	5.000000e+000
2.878458530302387e-003	3.581312e-002	5.000000e+000
2.881271336587444e-003	3.169201e-002	5.000000e+000
2.884201024087444e-003	2.783689e-002	5.000000e+000
2.887130711587444e-003	2.488463e-002	5.000000e+000
2.889178317679250e-003	2.365963e-002	5.000000e+000
2.891286104705620e-003	2.329202e-002	5.000000e+000
2.893291422151501e-003	2.376084e-002	5.000000e+000
2.896044408489946e-003	2.545544e-002	5.000000e+000
2.898968978583679e-003	2.810239e-002	5.000000e+000
2.901898666083679e-003	3.118907e-002	5.000000e+000
2.904828353583679e-003	3.415531e-002	5.000000e+000
2.907758041083679e-003	3.649413e-002	5.000000e+000
2.910687728583679e-003	3.784833e-002	5.000000e+000
2.913617416083680e-003	3.809718e-002	5.000000e+000
2.916134651442176e-003	3.744963e-002	5.000000e+000
2.918170987116615e-003	3.638992e-002	5.000000e+000
2.919973831048819e-003	3.514116e-002	5.000000e+000
2.921903157038610e-003	3.362598e-002	5.000000e+000
2.923773722311257e-003	3.211707e-002	5.000000e+000
2.926073850454481e-003	3.037663e-002	5.000000e+000
2.928396106273764e-003	2.890918e-002	5.000000e+000
2.930764552978957e-003	2.785455e-002	5.000000e+000
2.933034236216846e-003	2.737956e-002	5.000000e+000
2.935807445133892e-003	2.751180e-002	5.000000e+000
2.938732054701358e-003	2.835085e-002	5.000000e+000
2.941661742201359e-003	2.973545e-002	5.000000e+000
2.944591429701359e-003	3.138955e-002	5.000000e+000
2.947521117201359e-003	3.300354e-002	5.000000e+000
2.950450804701359e-003	3.429937e-002	5.000000e+000
2.953380492201359e-003	3.507676e-002	5.000000e+000
2.956310179701359e-003	3.524183e-002	5.000000e+000
2.959239867201359e-003	3.481497e-002	5.000000e+000
2.962169554701359e-003	3.391808e-002	5.000000e+000
2.965099242201359e-003	3.274516e-002	5.000000e+000
2.968028929701360e-003	3.152279e-002	5.000000e+000
2.970958617201360e-003	3.046795e-002	5.000000e+000
2.973888304701360e-003	2.975102e-002	5.000000e+000
2.976817992201360e-003	2.946982e-002	5.000000e+000
2.979747679701360e-003	2.963838e-002	5.000000e+000
2.982677367201360e-003	3.019122e-002	5.000000e+000
2.985607054701360e-003	3.100117e-002	5.000000e+000
2.988536742201360e-003	3.190645e-002	5.000000e+000
2.991466429701360e-003	3.274163e-002	5.000000e+000
2.994396117201361e-003	3.336680e-002	5.000000e+000
2.997325804701361e-003	3.377439e-002	5.000000e+000
2.997425804701360e-003	3.378227e-002	5.000000e+000
2.998025804701359e-003	3.380080e-002	5.000000e+000
2.998925804701358e-003	3.380800e-002	5.000000e+000
2.999925804701356e-003	3.377340e-002	5.000000e+000
3.000000000000000e-003	3.376930e-002	5.000000e+000
